ID,Prob1
0, 0.39
1, 0.35
2, 0.53
3, 0.38
4, 0.71
5, 0.50
6, 0.42
7, 0.36
8, 0.47
9, 0.57
10, 0.57
11, 0.53
12, 0.43
13, 0.49
14, 0.72
15, 0.80
16, 0.78
17, 0.49
18, 0.59
19, 0.36
20, 0.49
21, 0.76
22, 0.49
23, 0.50
24, 0.47
25, 0.54
26, 0.52
27, 0.47
28, 0.55
29, 0.56
30, 0.50
31, 0.51
32, 0.52
33, 0.35
34, 0.45
35, 0.45
36, 0.45
37, 0.53
38, 0.42
39, 0.72
40, 0.54
41, 0.36
42, 0.55
43, 0.39
44, 0.72
45, 0.49
46, 0.57
47, 0.35
48, 0.44
49, 0.53
50, 0.47
51, 0.32
52, 0.36
53, 0.36
54, 0.47
55, 0.47
56, 0.49
57, 0.40
58, 0.33
59, 0.46
60, 0.55
61, 0.40
62, 0.33
63, 0.72
64, 0.71
65, 0.48
66, 0.59
67, 0.51
68, 0.33
69, 0.51
70, 0.54
71, 0.77
72, 0.74
73, 0.47
74, 0.29
75, 0.64
76, 0.46
77, 0.48
78, 0.56
79, 0.35
80, 0.57
81, 0.42
82, 0.45
83, 0.78
84, 0.46
85, 0.57
86, 0.48
87, 0.48
88, 0.40
89, 0.77
90, 0.54
91, 0.70
92, 0.51
93, 0.44
94, 0.81
95, 0.47
96, 0.35
97, 0.53
98, 0.77
99, 0.39
100, 0.46
101, 0.47
102, 0.32
103, 0.48
104, 0.53
105, 0.45
106, 0.37
107, 0.51
108, 0.41
109, 0.51
110, 0.33
111, 0.56
112, 0.38
113, 0.49
114, 0.49
115, 0.39
116, 0.48
117, 0.58
118, 0.29
119, 0.34
120, 0.35
121, 0.81
122, 0.42
123, 0.42
124, 0.43
125, 0.33
126, 0.58
127, 0.54
128, 0.56
129, 0.56
130, 0.31
131, 0.69
132, 0.46
133, 0.52
134, 0.46
135, 0.60
136, 0.42
137, 0.36
138, 0.49
139, 0.56
140, 0.55
141, 0.53
142, 0.57
143, 0.74
144, 0.79
145, 0.52
146, 0.48
147, 0.56
148, 0.50
149, 0.37
150, 0.38
151, 0.67
152, 0.39
153, 0.48
154, 0.47
155, 0.52
156, 0.46
157, 0.51
158, 0.51
159, 0.35
160, 0.45
161, 0.50
162, 0.48
163, 0.38
164, 0.49
165, 0.49
166, 0.37
167, 0.40
168, 0.78
169, 0.38
170, 0.45
171, 0.49
172, 0.53
173, 0.45
174, 0.44
175, 0.49
176, 0.39
177, 0.35
178, 0.55
179, 0.45
180, 0.46
181, 0.50
182, 0.74
183, 0.50
184, 0.40
185, 0.48
186, 0.50
187, 0.52
188, 0.61
189, 0.53
190, 0.56
191, 0.46
192, 0.49
193, 0.47
194, 0.36
195, 0.38
196, 0.53
197, 0.45
198, 0.36
199, 0.33
200, 0.43
201, 0.35
202, 0.39
203, 0.45
204, 0.54
205, 0.47
206, 0.41
207, 0.48
208, 0.68
209, 0.58
210, 0.44
211, 0.54
212, 0.43
213, 0.50
214, 0.44
215, 0.56
216, 0.51
217, 0.51
218, 0.50
219, 0.46
220, 0.33
221, 0.55
222, 0.34
223, 0.41
224, 0.48
225, 0.53
226, 0.49
227, 0.70
228, 0.56
229, 0.42
230, 0.34
231, 0.36
232, 0.45
233, 0.42
234, 0.33
235, 0.42
236, 0.59
237, 0.33
238, 0.54
239, 0.39
240, 0.44
241, 0.47
242, 0.34
243, 0.35
244, 0.50
245, 0.51
246, 0.44
247, 0.49
248, 0.59
249, 0.40
250, 0.73
251, 0.54
252, 0.42
253, 0.36
254, 0.46
255, 0.51
256, 0.50
257, 0.56
258, 0.46
259, 0.52
260, 0.29
261, 0.35
262, 0.46
263, 0.79
264, 0.53
265, 0.58
266, 0.45
267, 0.59
268, 0.39
269, 0.49
270, 0.50
271, 0.56
272, 0.41
273, 0.52
274, 0.57
275, 0.40
276, 0.37
277, 0.36
278, 0.64
279, 0.35
280, 0.74
281, 0.53
282, 0.82
283, 0.57
284, 0.54
285, 0.54
286, 0.57
287, 0.45
288, 0.83
289, 0.47
290, 0.56
291, 0.38
292, 0.71
293, 0.39
294, 0.38
295, 0.47
296, 0.35
297, 0.40
298, 0.50
299, 0.48
300, 0.45
301, 0.51
302, 0.42
303, 0.46
304, 0.49
305, 0.52
306, 0.48
307, 0.54
308, 0.39
309, 0.52
310, 0.48
311, 0.42
312, 0.85
313, 0.34
314, 0.51
315, 0.52
316, 0.51
317, 0.51
318, 0.48
319, 0.38
320, 0.36
321, 0.79
322, 0.38
323, 0.32
324, 0.56
325, 0.60
326, 0.44
327, 0.45
328, 0.37
329, 0.51
330, 0.40
331, 0.52
332, 0.37
333, 0.34
334, 0.76
335, 0.52
336, 0.43
337, 0.47
338, 0.51
339, 0.49
340, 0.51
341, 0.49
342, 0.43
343, 0.35
344, 0.72
345, 0.52
346, 0.50
347, 0.35
348, 0.34
349, 0.46
350, 0.66
351, 0.45
352, 0.49
353, 0.56
354, 0.52
355, 0.48
356, 0.45
357, 0.39
358, 0.53
359, 0.43
360, 0.39
361, 0.55
362, 0.46
363, 0.51
364, 0.37
365, 0.52
366, 0.52
367, 0.77
368, 0.49
369, 0.38
370, 0.37
371, 0.60
372, 0.41
373, 0.48
374, 0.79
375, 0.47
376, 0.58
377, 0.46
378, 0.59
379, 0.49
380, 0.50
381, 0.35
382, 0.46
383, 0.53
384, 0.50
385, 0.35
386, 0.35
387, 0.53
388, 0.63
389, 0.42
390, 0.78
391, 0.44
392, 0.54
393, 0.48
394, 0.52
395, 0.51
396, 0.48
397, 0.51
398, 0.50
399, 0.59
400, 0.53
401, 0.44
402, 0.53
403, 0.59
404, 0.38
405, 0.50
406, 0.37
407, 0.45
408, 0.52
409, 0.36
410, 0.37
411, 0.58
412, 0.46
413, 0.52
414, 0.32
415, 0.35
416, 0.48
417, 0.69
418, 0.55
419, 0.36
420, 0.52
421, 0.45
422, 0.36
423, 0.58
424, 0.82
425, 0.59
426, 0.55
427, 0.56
428, 0.75
429, 0.32
430, 0.48
431, 0.55
432, 0.53
433, 0.35
434, 0.84
435, 0.49
436, 0.52
437, 0.50
438, 0.46
439, 0.34
440, 0.67
441, 0.48
442, 0.40
443, 0.38
444, 0.59
445, 0.50
446, 0.49
447, 0.33
448, 0.49
449, 0.71
450, 0.37
451, 0.31
452, 0.51
453, 0.50
454, 0.43
455, 0.42
456, 0.44
457, 0.43
458, 0.53
459, 0.49
460, 0.52
461, 0.52
462, 0.56
463, 0.78
464, 0.81
465, 0.48
466, 0.47
467, 0.43
468, 0.72
469, 0.50
470, 0.53
471, 0.43
472, 0.34
473, 0.53
474, 0.80
475, 0.60
476, 0.77
477, 0.55
478, 0.30
479, 0.35
480, 0.49
481, 0.75
482, 0.77
483, 0.55
484, 0.51
485, 0.55
486, 0.37
487, 0.80
488, 0.46
489, 0.39
490, 0.36
491, 0.34
492, 0.51
493, 0.52
494, 0.49
495, 0.40
496, 0.39
497, 0.49
498, 0.66
499, 0.57
500, 0.68
501, 0.34
502, 0.35
503, 0.48
504, 0.43
505, 0.71
506, 0.48
507, 0.81
508, 0.46
509, 0.45
510, 0.55
511, 0.53
512, 0.45
513, 0.40
514, 0.42
515, 0.53
516, 0.39
517, 0.60
518, 0.46
519, 0.40
520, 0.36
521, 0.47
522, 0.35
523, 0.42
524, 0.44
525, 0.45
526, 0.48
527, 0.58
528, 0.51
529, 0.44
530, 0.48
531, 0.52
532, 0.51
533, 0.49
534, 0.36
535, 0.48
536, 0.47
537, 0.48
538, 0.43
539, 0.42
540, 0.75
541, 0.44
542, 0.56
543, 0.76
544, 0.54
545, 0.43
546, 0.75
547, 0.43
548, 0.41
549, 0.45
550, 0.39
551, 0.39
552, 0.84
553, 0.37
554, 0.52
555, 0.54
556, 0.30
557, 0.83
558, 0.58
559, 0.39
560, 0.53
561, 0.44
562, 0.49
563, 0.76
564, 0.51
565, 0.70
566, 0.36
567, 0.78
568, 0.41
569, 0.77
570, 0.55
571, 0.45
572, 0.50
573, 0.33
574, 0.56
575, 0.59
576, 0.48
577, 0.55
578, 0.55
579, 0.42
580, 0.59
581, 0.50
582, 0.48
583, 0.51
584, 0.32
585, 0.47
586, 0.40
587, 0.53
588, 0.46
589, 0.39
590, 0.52
591, 0.46
592, 0.62
593, 0.81
594, 0.42
595, 0.72
596, 0.49
597, 0.52
598, 0.51
599, 0.54
600, 0.51
601, 0.84
602, 0.48
603, 0.46
604, 0.46
605, 0.42
606, 0.37
607, 0.40
608, 0.78
609, 0.35
610, 0.44
611, 0.55
612, 0.44
613, 0.41
614, 0.50
615, 0.45
616, 0.34
617, 0.57
618, 0.39
619, 0.32
620, 0.50
621, 0.59
622, 0.44
623, 0.57
624, 0.45
625, 0.48
626, 0.36
627, 0.72
628, 0.56
629, 0.53
630, 0.49
631, 0.42
632, 0.32
633, 0.53
634, 0.75
635, 0.47
636, 0.82
637, 0.54
638, 0.36
639, 0.54
640, 0.37
641, 0.48
642, 0.54
643, 0.50
644, 0.47
645, 0.55
646, 0.41
647, 0.36
648, 0.77
649, 0.51
650, 0.38
651, 0.54
652, 0.56
653, 0.55
654, 0.74
655, 0.45
656, 0.55
657, 0.47
658, 0.47
659, 0.47
660, 0.72
661, 0.51
662, 0.50
663, 0.50
664, 0.42
665, 0.36
666, 0.46
667, 0.71
668, 0.44
669, 0.78
670, 0.42
671, 0.51
672, 0.83
673, 0.58
674, 0.47
675, 0.81
676, 0.38
677, 0.46
678, 0.36
679, 0.49
680, 0.82
681, 0.82
682, 0.51
683, 0.40
684, 0.47
685, 0.52
686, 0.48
687, 0.52
688, 0.35
689, 0.43
690, 0.50
691, 0.55
692, 0.49
693, 0.53
694, 0.49
695, 0.45
696, 0.53
697, 0.50
698, 0.52
699, 0.43
700, 0.41
701, 0.34
702, 0.55
703, 0.43
704, 0.37
705, 0.50
706, 0.35
707, 0.31
708, 0.41
709, 0.37
710, 0.85
711, 0.40
712, 0.51
713, 0.36
714, 0.51
715, 0.41
716, 0.36
717, 0.39
718, 0.41
719, 0.54
720, 0.33
721, 0.51
722, 0.50
723, 0.53
724, 0.35
725, 0.51
726, 0.46
727, 0.45
728, 0.52
729, 0.40
730, 0.47
731, 0.36
732, 0.37
733, 0.81
734, 0.41
735, 0.38
736, 0.54
737, 0.39
738, 0.43
739, 0.37
740, 0.48
741, 0.35
742, 0.36
743, 0.37
744, 0.71
745, 0.41
746, 0.35
747, 0.49
748, 0.37
749, 0.54
750, 0.51
751, 0.50
752, 0.52
753, 0.76
754, 0.49
755, 0.34
756, 0.46
757, 0.61
758, 0.33
759, 0.51
760, 0.30
761, 0.48
762, 0.45
763, 0.39
764, 0.45
765, 0.37
766, 0.51
767, 0.39
768, 0.42
769, 0.53
770, 0.54
771, 0.58
772, 0.46
773, 0.51
774, 0.47
775, 0.43
776, 0.51
777, 0.48
778, 0.53
779, 0.58
780, 0.49
781, 0.54
782, 0.52
783, 0.39
784, 0.56
785, 0.36
786, 0.43
787, 0.48
788, 0.72
789, 0.35
790, 0.47
791, 0.38
792, 0.47
793, 0.37
794, 0.48
795, 0.32
796, 0.46
797, 0.51
798, 0.51
799, 0.82
800, 0.56
801, 0.57
802, 0.50
803, 0.65
804, 0.34
805, 0.39
806, 0.33
807, 0.54
808, 0.36
809, 0.30
810, 0.47
811, 0.47
812, 0.76
813, 0.32
814, 0.47
815, 0.38
816, 0.65
817, 0.43
818, 0.36
819, 0.50
820, 0.49
821, 0.37
822, 0.63
823, 0.43
824, 0.41
825, 0.42
826, 0.49
827, 0.60
828, 0.69
829, 0.54
830, 0.36
831, 0.41
832, 0.47
833, 0.54
834, 0.48
835, 0.38
836, 0.53
837, 0.50
838, 0.57
839, 0.48
840, 0.32
841, 0.45
842, 0.35
843, 0.42
844, 0.42
845, 0.50
846, 0.52
847, 0.31
848, 0.41
849, 0.49
850, 0.36
851, 0.57
852, 0.41
853, 0.47
854, 0.51
855, 0.79
856, 0.43
857, 0.41
858, 0.48
859, 0.53
860, 0.51
861, 0.42
862, 0.57
863, 0.48
864, 0.56
865, 0.50
866, 0.46
867, 0.36
868, 0.54
869, 0.35
870, 0.34
871, 0.56
872, 0.68
873, 0.78
874, 0.39
875, 0.31
876, 0.45
877, 0.47
878, 0.46
879, 0.57
880, 0.54
881, 0.44
882, 0.44
883, 0.44
884, 0.43
885, 0.43
886, 0.82
887, 0.44
888, 0.49
889, 0.48
890, 0.67
891, 0.48
892, 0.50
893, 0.42
894, 0.80
895, 0.55
896, 0.41
897, 0.38
898, 0.45
899, 0.36
900, 0.48
901, 0.44
902, 0.40
903, 0.48
904, 0.79
905, 0.81
906, 0.45
907, 0.51
908, 0.41
909, 0.42
910, 0.62
911, 0.55
912, 0.39
913, 0.36
914, 0.33
915, 0.48
916, 0.47
917, 0.80
918, 0.38
919, 0.53
920, 0.53
921, 0.46
922, 0.34
923, 0.51
924, 0.41
925, 0.48
926, 0.49
927, 0.84
928, 0.33
929, 0.67
930, 0.49
931, 0.46
932, 0.39
933, 0.47
934, 0.51
935, 0.45
936, 0.48
937, 0.43
938, 0.57
939, 0.56
940, 0.50
941, 0.32
942, 0.46
943, 0.48
944, 0.51
945, 0.36
946, 0.47
947, 0.83
948, 0.43
949, 0.43
950, 0.56
951, 0.54
952, 0.39
953, 0.51
954, 0.43
955, 0.45
956, 0.52
957, 0.50
958, 0.54
959, 0.36
960, 0.38
961, 0.40
962, 0.52
963, 0.76
964, 0.43
965, 0.35
966, 0.42
967, 0.63
968, 0.37
969, 0.47
970, 0.46
971, 0.38
972, 0.52
973, 0.38
974, 0.61
975, 0.57
976, 0.53
977, 0.56
978, 0.39
979, 0.48
980, 0.52
981, 0.53
982, 0.49
983, 0.49
984, 0.42
985, 0.52
986, 0.35
987, 0.48
988, 0.48
989, 0.41
990, 0.40
991, 0.51
992, 0.48
993, 0.50
994, 0.45
995, 0.44
996, 0.55
997, 0.51
998, 0.38
999, 0.52
1000, 0.48
1001, 0.46
1002, 0.46
1003, 0.51
1004, 0.71
1005, 0.49
1006, 0.41
1007, 0.82
1008, 0.47
1009, 0.43
1010, 0.51
1011, 0.39
1012, 0.49
1013, 0.44
1014, 0.34
1015, 0.50
1016, 0.56
1017, 0.54
1018, 0.52
1019, 0.55
1020, 0.42
1021, 0.58
1022, 0.47
1023, 0.53
1024, 0.54
1025, 0.33
1026, 0.85
1027, 0.55
1028, 0.86
1029, 0.48
1030, 0.34
1031, 0.74
1032, 0.57
1033, 0.52
1034, 0.52
1035, 0.76
1036, 0.48
1037, 0.50
1038, 0.48
1039, 0.54
1040, 0.58
1041, 0.62
1042, 0.82
1043, 0.43
1044, 0.36
1045, 0.49
1046, 0.46
1047, 0.45
1048, 0.44
1049, 0.40
1050, 0.35
1051, 0.63
1052, 0.55
1053, 0.35
1054, 0.33
1055, 0.72
1056, 0.35
1057, 0.40
1058, 0.56
1059, 0.55
1060, 0.46
1061, 0.46
1062, 0.56
1063, 0.46
1064, 0.75
1065, 0.57
1066, 0.82
1067, 0.39
1068, 0.40
1069, 0.46
1070, 0.63
1071, 0.48
1072, 0.54
1073, 0.56
1074, 0.36
1075, 0.34
1076, 0.45
1077, 0.45
1078, 0.33
1079, 0.40
1080, 0.33
1081, 0.41
1082, 0.48
1083, 0.80
1084, 0.51
1085, 0.48
1086, 0.47
1087, 0.53
1088, 0.53
1089, 0.45
1090, 0.48
1091, 0.49
1092, 0.42
1093, 0.49
1094, 0.41
1095, 0.49
1096, 0.46
1097, 0.48
1098, 0.55
1099, 0.42
1100, 0.59
1101, 0.39
1102, 0.51
1103, 0.53
1104, 0.51
1105, 0.52
1106, 0.40
1107, 0.51
1108, 0.43
1109, 0.42
1110, 0.47
1111, 0.40
1112, 0.49
1113, 0.54
1114, 0.72
1115, 0.49
1116, 0.46
1117, 0.46
1118, 0.76
1119, 0.56
1120, 0.75
1121, 0.41
1122, 0.45
1123, 0.58
1124, 0.77
1125, 0.53
1126, 0.47
1127, 0.47
1128, 0.52
1129, 0.30
1130, 0.51
1131, 0.49
1132, 0.48
1133, 0.50
1134, 0.48
1135, 0.42
1136, 0.44
1137, 0.35
1138, 0.55
1139, 0.49
1140, 0.76
1141, 0.40
1142, 0.36
1143, 0.58
1144, 0.50
1145, 0.35
1146, 0.43
1147, 0.35
1148, 0.81
1149, 0.81
1150, 0.47
1151, 0.40
1152, 0.80
1153, 0.36
1154, 0.32
1155, 0.31
1156, 0.42
1157, 0.49
1158, 0.46
1159, 0.58
1160, 0.47
1161, 0.52
1162, 0.49
1163, 0.57
1164, 0.41
1165, 0.80
1166, 0.49
1167, 0.49
1168, 0.54
1169, 0.56
1170, 0.50
1171, 0.49
1172, 0.76
1173, 0.43
1174, 0.78
1175, 0.56
1176, 0.56
1177, 0.42
1178, 0.47
1179, 0.48
1180, 0.36
1181, 0.41
1182, 0.41
1183, 0.51
1184, 0.51
1185, 0.46
1186, 0.71
1187, 0.53
1188, 0.46
1189, 0.50
1190, 0.35
1191, 0.74
1192, 0.48
1193, 0.50
1194, 0.52
1195, 0.53
1196, 0.43
1197, 0.35
1198, 0.46
1199, 0.77
1200, 0.48
1201, 0.45
1202, 0.38
1203, 0.79
1204, 0.52
1205, 0.53
1206, 0.35
1207, 0.44
1208, 0.43
1209, 0.35
1210, 0.51
1211, 0.60
1212, 0.45
1213, 0.57
1214, 0.37
1215, 0.56
1216, 0.53
1217, 0.34
1218, 0.39
1219, 0.46
1220, 0.33
1221, 0.75
1222, 0.54
1223, 0.54
1224, 0.56
1225, 0.42
1226, 0.54
1227, 0.36
1228, 0.55
1229, 0.52
1230, 0.48
1231, 0.49
1232, 0.43
1233, 0.43
1234, 0.49
1235, 0.46
1236, 0.53
1237, 0.51
1238, 0.49
1239, 0.36
1240, 0.50
1241, 0.36
1242, 0.51
1243, 0.58
1244, 0.41
1245, 0.50
1246, 0.53
1247, 0.32
1248, 0.56
1249, 0.48
1250, 0.50
1251, 0.57
1252, 0.56
1253, 0.46
1254, 0.55
1255, 0.55
1256, 0.77
1257, 0.77
1258, 0.52
1259, 0.48
1260, 0.36
1261, 0.47
1262, 0.43
1263, 0.60
1264, 0.53
1265, 0.53
1266, 0.54
1267, 0.49
1268, 0.44
1269, 0.38
1270, 0.47
1271, 0.36
1272, 0.58
1273, 0.73
1274, 0.57
1275, 0.36
1276, 0.48
1277, 0.46
1278, 0.53
1279, 0.71
1280, 0.48
1281, 0.36
1282, 0.58
1283, 0.55
1284, 0.53
1285, 0.71
1286, 0.73
1287, 0.57
1288, 0.59
1289, 0.51
1290, 0.53
1291, 0.76
1292, 0.38
1293, 0.77
1294, 0.45
1295, 0.47
1296, 0.49
1297, 0.56
1298, 0.42
1299, 0.56
1300, 0.41
1301, 0.48
1302, 0.42
1303, 0.43
1304, 0.41
1305, 0.39
1306, 0.73
1307, 0.55
1308, 0.52
1309, 0.39
1310, 0.49
1311, 0.51
1312, 0.37
1313, 0.38
1314, 0.47
1315, 0.80
1316, 0.39
1317, 0.31
1318, 0.56
1319, 0.51
1320, 0.46
1321, 0.52
1322, 0.44
1323, 0.54
1324, 0.35
1325, 0.57
1326, 0.44
1327, 0.35
1328, 0.83
1329, 0.43
1330, 0.53
1331, 0.51
1332, 0.74
1333, 0.46
1334, 0.51
1335, 0.55
1336, 0.50
1337, 0.45
1338, 0.49
1339, 0.82
1340, 0.56
1341, 0.34
1342, 0.44
1343, 0.50
1344, 0.52
1345, 0.82
1346, 0.41
1347, 0.47
1348, 0.43
1349, 0.50
1350, 0.49
1351, 0.44
1352, 0.32
1353, 0.46
1354, 0.47
1355, 0.51
1356, 0.30
1357, 0.33
1358, 0.60
1359, 0.48
1360, 0.42
1361, 0.44
1362, 0.72
1363, 0.46
1364, 0.54
1365, 0.51
1366, 0.55
1367, 0.85
1368, 0.58
1369, 0.52
1370, 0.72
1371, 0.34
1372, 0.51
1373, 0.40
1374, 0.31
1375, 0.81
1376, 0.48
1377, 0.36
1378, 0.45
1379, 0.57
1380, 0.52
1381, 0.48
1382, 0.35
1383, 0.45
1384, 0.52
1385, 0.48
1386, 0.54
1387, 0.41
1388, 0.55
1389, 0.48
1390, 0.53
1391, 0.51
1392, 0.38
1393, 0.58
1394, 0.82
1395, 0.48
1396, 0.55
1397, 0.32
1398, 0.42
1399, 0.58
1400, 0.47
1401, 0.41
1402, 0.45
1403, 0.39
1404, 0.37
1405, 0.33
1406, 0.41
1407, 0.46
1408, 0.55
1409, 0.58
1410, 0.77
1411, 0.48
1412, 0.83
1413, 0.46
1414, 0.56
1415, 0.39
1416, 0.53
1417, 0.46
1418, 0.51
1419, 0.44
1420, 0.44
1421, 0.40
1422, 0.52
1423, 0.39
1424, 0.44
1425, 0.47
1426, 0.55
1427, 0.49
1428, 0.54
1429, 0.33
1430, 0.51
1431, 0.53
1432, 0.53
1433, 0.53
1434, 0.51
1435, 0.37
1436, 0.47
1437, 0.51
1438, 0.38
1439, 0.49
1440, 0.36
1441, 0.48
1442, 0.38
1443, 0.51
1444, 0.54
1445, 0.37
1446, 0.42
1447, 0.30
1448, 0.41
1449, 0.43
1450, 0.50
1451, 0.55
1452, 0.59
1453, 0.83
1454, 0.38
1455, 0.53
1456, 0.46
1457, 0.50
1458, 0.32
1459, 0.47
1460, 0.42
1461, 0.34
1462, 0.49
1463, 0.30
1464, 0.57
1465, 0.45
1466, 0.60
1467, 0.34
1468, 0.57
1469, 0.54
1470, 0.47
1471, 0.56
1472, 0.39
1473, 0.49
1474, 0.46
1475, 0.69
1476, 0.36
1477, 0.37
1478, 0.36
1479, 0.50
1480, 0.61
1481, 0.54
1482, 0.47
1483, 0.55
1484, 0.59
1485, 0.45
1486, 0.44
1487, 0.81
1488, 0.33
1489, 0.53
1490, 0.35
1491, 0.44
1492, 0.51
1493, 0.47
1494, 0.60
1495, 0.79
1496, 0.43
1497, 0.56
1498, 0.35
1499, 0.31
1500, 0.51
1501, 0.51
1502, 0.39
1503, 0.56
1504, 0.60
1505, 0.62
1506, 0.53
1507, 0.46
1508, 0.52
1509, 0.45
1510, 0.53
1511, 0.48
1512, 0.38
1513, 0.40
1514, 0.50
1515, 0.52
1516, 0.37
1517, 0.42
1518, 0.53
1519, 0.36
1520, 0.39
1521, 0.48
1522, 0.43
1523, 0.32
1524, 0.43
1525, 0.57
1526, 0.49
1527, 0.38
1528, 0.54
1529, 0.56
1530, 0.42
1531, 0.74
1532, 0.56
1533, 0.54
1534, 0.51
1535, 0.53
1536, 0.46
1537, 0.56
1538, 0.83
1539, 0.56
1540, 0.44
1541, 0.81
1542, 0.52
1543, 0.35
1544, 0.49
1545, 0.43
1546, 0.53
1547, 0.47
1548, 0.50
1549, 0.55
1550, 0.36
1551, 0.40
1552, 0.52
1553, 0.35
1554, 0.45
1555, 0.31
1556, 0.50
1557, 0.80
1558, 0.50
1559, 0.39
1560, 0.81
1561, 0.54
1562, 0.41
1563, 0.38
1564, 0.79
1565, 0.72
1566, 0.44
1567, 0.51
1568, 0.46
1569, 0.76
1570, 0.48
1571, 0.66
1572, 0.77
1573, 0.38
1574, 0.42
1575, 0.48
1576, 0.67
1577, 0.79
1578, 0.85
1579, 0.51
1580, 0.42
1581, 0.43
1582, 0.46
1583, 0.46
1584, 0.38
1585, 0.53
1586, 0.40
1587, 0.51
1588, 0.50
1589, 0.76
1590, 0.48
1591, 0.80
1592, 0.50
1593, 0.47
1594, 0.37
1595, 0.33
1596, 0.50
1597, 0.51
1598, 0.60
1599, 0.40
1600, 0.39
1601, 0.54
1602, 0.45
1603, 0.48
1604, 0.45
1605, 0.41
1606, 0.49
1607, 0.48
1608, 0.49
1609, 0.40
1610, 0.54
1611, 0.40
1612, 0.36
1613, 0.44
1614, 0.75
1615, 0.72
1616, 0.42
1617, 0.49
1618, 0.52
1619, 0.52
1620, 0.83
1621, 0.53
1622, 0.74
1623, 0.49
1624, 0.58
1625, 0.49
1626, 0.49
1627, 0.52
1628, 0.47
1629, 0.51
1630, 0.51
1631, 0.51
1632, 0.36
1633, 0.40
1634, 0.48
1635, 0.51
1636, 0.79
1637, 0.46
1638, 0.45
1639, 0.39
1640, 0.39
1641, 0.41
1642, 0.77
1643, 0.62
1644, 0.46
1645, 0.44
1646, 0.29
1647, 0.78
1648, 0.42
1649, 0.32
1650, 0.44
1651, 0.32
1652, 0.31
1653, 0.79
1654, 0.33
1655, 0.55
1656, 0.34
1657, 0.46
1658, 0.48
1659, 0.55
1660, 0.55
1661, 0.33
1662, 0.48
1663, 0.54
1664, 0.42
1665, 0.67
1666, 0.38
1667, 0.59
1668, 0.34
1669, 0.55
1670, 0.52
1671, 0.75
1672, 0.50
1673, 0.52
1674, 0.48
1675, 0.32
1676, 0.44
1677, 0.60
1678, 0.48
1679, 0.72
1680, 0.55
1681, 0.59
1682, 0.70
1683, 0.42
1684, 0.44
1685, 0.50
1686, 0.52
1687, 0.56
1688, 0.38
1689, 0.47
1690, 0.47
1691, 0.53
1692, 0.48
1693, 0.31
1694, 0.47
1695, 0.46
1696, 0.58
1697, 0.85
1698, 0.38
1699, 0.36
1700, 0.42
1701, 0.55
1702, 0.52
1703, 0.80
1704, 0.39
1705, 0.48
1706, 0.81
1707, 0.39
1708, 0.56
1709, 0.45
1710, 0.36
1711, 0.40
1712, 0.48
1713, 0.51
1714, 0.54
1715, 0.77
1716, 0.63
1717, 0.49
1718, 0.45
1719, 0.38
1720, 0.48
1721, 0.50
1722, 0.43
1723, 0.36
1724, 0.54
1725, 0.49
1726, 0.72
1727, 0.36
1728, 0.48
1729, 0.79
1730, 0.40
1731, 0.44
1732, 0.56
1733, 0.48
1734, 0.50
1735, 0.42
1736, 0.51
1737, 0.34
1738, 0.84
1739, 0.49
1740, 0.73
1741, 0.56
1742, 0.48
1743, 0.45
1744, 0.45
1745, 0.49
1746, 0.53
1747, 0.42
1748, 0.40
1749, 0.52
1750, 0.55
1751, 0.40
1752, 0.39
1753, 0.53
1754, 0.78
1755, 0.50
1756, 0.39
1757, 0.77
1758, 0.55
1759, 0.55
1760, 0.44
1761, 0.54
1762, 0.41
1763, 0.53
1764, 0.51
1765, 0.47
1766, 0.50
1767, 0.78
1768, 0.48
1769, 0.50
1770, 0.40
1771, 0.53
1772, 0.43
1773, 0.47
1774, 0.53
1775, 0.48
1776, 0.45
1777, 0.45
1778, 0.47
1779, 0.44
1780, 0.83
1781, 0.60
1782, 0.43
1783, 0.46
1784, 0.35
1785, 0.48
1786, 0.52
1787, 0.82
1788, 0.53
1789, 0.47
1790, 0.55
1791, 0.36
1792, 0.50
1793, 0.54
1794, 0.45
1795, 0.37
1796, 0.36
1797, 0.52
1798, 0.32
1799, 0.44
1800, 0.80
1801, 0.46
1802, 0.52
1803, 0.37
1804, 0.40
1805, 0.51
1806, 0.76
1807, 0.56
1808, 0.46
1809, 0.45
1810, 0.57
1811, 0.39
1812, 0.45
1813, 0.52
1814, 0.55
1815, 0.46
1816, 0.35
1817, 0.53
1818, 0.50
1819, 0.48
1820, 0.44
1821, 0.47
1822, 0.59
1823, 0.36
1824, 0.44
1825, 0.54
1826, 0.47
1827, 0.44
1828, 0.35
1829, 0.56
1830, 0.48
1831, 0.53
1832, 0.40
1833, 0.81
1834, 0.55
1835, 0.42
1836, 0.52
1837, 0.50
1838, 0.47
1839, 0.45
1840, 0.45
1841, 0.46
1842, 0.40
1843, 0.39
1844, 0.47
1845, 0.47
1846, 0.64
1847, 0.53
1848, 0.56
1849, 0.39
1850, 0.39
1851, 0.43
1852, 0.44
1853, 0.48
1854, 0.51
1855, 0.49
1856, 0.56
1857, 0.32
1858, 0.44
1859, 0.50
1860, 0.35
1861, 0.54
1862, 0.77
1863, 0.32
1864, 0.46
1865, 0.52
1866, 0.52
1867, 0.53
1868, 0.50
1869, 0.54
1870, 0.41
1871, 0.53
1872, 0.53
1873, 0.54
1874, 0.39
1875, 0.49
1876, 0.70
1877, 0.53
1878, 0.45
1879, 0.60
1880, 0.77
1881, 0.73
1882, 0.53
1883, 0.45
1884, 0.56
1885, 0.35
1886, 0.41
1887, 0.35
1888, 0.43
1889, 0.51
1890, 0.46
1891, 0.53
1892, 0.73
1893, 0.51
1894, 0.33
1895, 0.52
1896, 0.43
1897, 0.43
1898, 0.44
1899, 0.75
1900, 0.41
1901, 0.44
1902, 0.75
1903, 0.60
1904, 0.41
1905, 0.56
1906, 0.58
1907, 0.82
1908, 0.40
1909, 0.55
1910, 0.46
1911, 0.48
1912, 0.78
1913, 0.52
1914, 0.42
1915, 0.43
1916, 0.50
1917, 0.55
1918, 0.37
1919, 0.75
1920, 0.35
1921, 0.71
1922, 0.47
1923, 0.38
1924, 0.83
1925, 0.39
1926, 0.46
1927, 0.46
1928, 0.35
1929, 0.46
1930, 0.38
1931, 0.48
1932, 0.54
1933, 0.52
1934, 0.54
1935, 0.45
1936, 0.53
1937, 0.39
1938, 0.50
1939, 0.50
1940, 0.55
1941, 0.51
1942, 0.56
1943, 0.58
1944, 0.80
1945, 0.37
1946, 0.49
1947, 0.48
1948, 0.46
1949, 0.77
1950, 0.45
1951, 0.49
1952, 0.49
1953, 0.59
1954, 0.48
1955, 0.57
1956, 0.57
1957, 0.58
1958, 0.47
1959, 0.44
1960, 0.49
1961, 0.79
1962, 0.47
1963, 0.53
1964, 0.56
1965, 0.45
1966, 0.43
1967, 0.51
1968, 0.37
1969, 0.42
1970, 0.76
1971, 0.56
1972, 0.76
1973, 0.43
1974, 0.51
1975, 0.48
1976, 0.41
1977, 0.45
1978, 0.52
1979, 0.59
1980, 0.43
1981, 0.51
1982, 0.41
1983, 0.43
1984, 0.47
1985, 0.39
1986, 0.78
1987, 0.47
1988, 0.49
1989, 0.52
1990, 0.56
1991, 0.50
1992, 0.57
1993, 0.47
1994, 0.42
1995, 0.45
1996, 0.51
1997, 0.45
1998, 0.52
1999, 0.35
2000, 0.56
2001, 0.33
2002, 0.48
2003, 0.36
2004, 0.81
2005, 0.81
2006, 0.50
2007, 0.52
2008, 0.35
2009, 0.49
2010, 0.79
2011, 0.54
2012, 0.47
2013, 0.48
2014, 0.57
2015, 0.60
2016, 0.50
2017, 0.37
2018, 0.44
2019, 0.40
2020, 0.39
2021, 0.53
2022, 0.46
2023, 0.32
2024, 0.47
2025, 0.45
2026, 0.49
2027, 0.73
2028, 0.50
2029, 0.75
2030, 0.36
2031, 0.54
2032, 0.40
2033, 0.42
2034, 0.57
2035, 0.49
2036, 0.54
2037, 0.34
2038, 0.56
2039, 0.38
2040, 0.45
2041, 0.38
2042, 0.54
2043, 0.45
2044, 0.49
2045, 0.38
2046, 0.61
2047, 0.52
2048, 0.53
2049, 0.38
2050, 0.37
2051, 0.52
2052, 0.56
2053, 0.54
2054, 0.43
2055, 0.50
2056, 0.55
2057, 0.39
2058, 0.35
2059, 0.47
2060, 0.46
2061, 0.46
2062, 0.37
2063, 0.43
2064, 0.41
2065, 0.81
2066, 0.36
2067, 0.53
2068, 0.41
2069, 0.39
2070, 0.54
2071, 0.47
2072, 0.30
2073, 0.40
2074, 0.53
2075, 0.57
2076, 0.53
2077, 0.43
2078, 0.52
2079, 0.49
2080, 0.48
2081, 0.72
2082, 0.45
2083, 0.37
2084, 0.52
2085, 0.32
2086, 0.42
2087, 0.82
2088, 0.51
2089, 0.53
2090, 0.55
2091, 0.47
2092, 0.45
2093, 0.50
2094, 0.43
2095, 0.35
2096, 0.53
2097, 0.46
2098, 0.35
2099, 0.36
2100, 0.38
2101, 0.46
2102, 0.39
2103, 0.54
2104, 0.35
2105, 0.69
2106, 0.63
2107, 0.74
2108, 0.36
2109, 0.52
2110, 0.62
2111, 0.52
2112, 0.32
2113, 0.35
2114, 0.37
2115, 0.77
2116, 0.37
2117, 0.58
2118, 0.37
2119, 0.43
2120, 0.55
2121, 0.38
2122, 0.49
2123, 0.35
2124, 0.54
2125, 0.46
2126, 0.53
2127, 0.54
2128, 0.51
2129, 0.54
2130, 0.51
2131, 0.39
2132, 0.43
2133, 0.78
2134, 0.82
2135, 0.53
2136, 0.44
2137, 0.76
2138, 0.46
2139, 0.42
2140, 0.30
2141, 0.75
2142, 0.38
2143, 0.67
2144, 0.41
2145, 0.55
2146, 0.38
2147, 0.53
2148, 0.54
2149, 0.50
2150, 0.41
2151, 0.47
2152, 0.54
2153, 0.48
2154, 0.72
2155, 0.62
2156, 0.46
2157, 0.57
2158, 0.52
2159, 0.46
2160, 0.49
2161, 0.56
2162, 0.35
2163, 0.33
2164, 0.54
2165, 0.46
2166, 0.61
2167, 0.50
2168, 0.74
2169, 0.49
2170, 0.41
2171, 0.47
2172, 0.41
2173, 0.45
2174, 0.41
2175, 0.42
2176, 0.53
2177, 0.50
2178, 0.54
2179, 0.50
2180, 0.48
2181, 0.49
2182, 0.81
2183, 0.55
2184, 0.31
2185, 0.54
2186, 0.53
2187, 0.43
2188, 0.49
2189, 0.47
2190, 0.41
2191, 0.43
2192, 0.34
2193, 0.77
2194, 0.41
2195, 0.50
2196, 0.65
2197, 0.31
2198, 0.52
2199, 0.40
2200, 0.47
2201, 0.52
2202, 0.75
2203, 0.78
2204, 0.49
2205, 0.42
2206, 0.44
2207, 0.49
2208, 0.43
2209, 0.35
2210, 0.75
2211, 0.43
2212, 0.54
2213, 0.51
2214, 0.48
2215, 0.47
2216, 0.33
2217, 0.86
2218, 0.40
2219, 0.50
2220, 0.51
2221, 0.53
2222, 0.59
2223, 0.44
2224, 0.35
2225, 0.59
2226, 0.45
2227, 0.49
2228, 0.38
2229, 0.41
2230, 0.55
2231, 0.53
2232, 0.73
2233, 0.45
2234, 0.53
2235, 0.51
2236, 0.44
2237, 0.51
2238, 0.42
2239, 0.32
2240, 0.55
2241, 0.54
2242, 0.51
2243, 0.78
2244, 0.33
2245, 0.57
2246, 0.52
2247, 0.47
2248, 0.44
2249, 0.49
2250, 0.72
2251, 0.49
2252, 0.42
2253, 0.39
2254, 0.35
2255, 0.67
2256, 0.33
2257, 0.47
2258, 0.38
2259, 0.40
2260, 0.73
2261, 0.77
2262, 0.48
2263, 0.45
2264, 0.50
2265, 0.47
2266, 0.48
2267, 0.45
2268, 0.74
2269, 0.48
2270, 0.35
2271, 0.51
2272, 0.51
2273, 0.42
2274, 0.44
2275, 0.69
2276, 0.48
2277, 0.36
2278, 0.49
2279, 0.36
2280, 0.55
2281, 0.53
2282, 0.40
2283, 0.49
2284, 0.54
2285, 0.52
2286, 0.59
2287, 0.39
2288, 0.54
2289, 0.49
2290, 0.79
2291, 0.49
2292, 0.72
2293, 0.75
2294, 0.58
2295, 0.57
2296, 0.57
2297, 0.43
2298, 0.46
2299, 0.36
2300, 0.82
2301, 0.46
2302, 0.34
2303, 0.48
2304, 0.41
2305, 0.57
2306, 0.34
2307, 0.49
2308, 0.56
2309, 0.52
2310, 0.52
2311, 0.58
2312, 0.38
2313, 0.36
2314, 0.42
2315, 0.55
2316, 0.52
2317, 0.66
2318, 0.54
2319, 0.47
2320, 0.42
2321, 0.56
2322, 0.32
2323, 0.36
2324, 0.40
2325, 0.41
2326, 0.36
2327, 0.40
2328, 0.39
2329, 0.37
2330, 0.55
2331, 0.49
2332, 0.48
2333, 0.78
2334, 0.32
2335, 0.43
2336, 0.77
2337, 0.43
2338, 0.55
2339, 0.54
2340, 0.43
2341, 0.49
2342, 0.39
2343, 0.71
2344, 0.42
2345, 0.39
2346, 0.54
2347, 0.52
2348, 0.50
2349, 0.43
2350, 0.36
2351, 0.72
2352, 0.53
2353, 0.40
2354, 0.54
2355, 0.42
2356, 0.35
2357, 0.83
2358, 0.47
2359, 0.45
2360, 0.38
2361, 0.77
2362, 0.59
2363, 0.83
2364, 0.40
2365, 0.55
2366, 0.48
2367, 0.35
2368, 0.54
2369, 0.45
2370, 0.53
2371, 0.54
2372, 0.47
2373, 0.45
2374, 0.44
2375, 0.52
2376, 0.43
2377, 0.46
2378, 0.45
2379, 0.51
2380, 0.49
2381, 0.37
2382, 0.39
2383, 0.47
2384, 0.50
2385, 0.81
2386, 0.47
2387, 0.85
2388, 0.37
2389, 0.71
2390, 0.58
2391, 0.53
2392, 0.76
2393, 0.37
2394, 0.44
2395, 0.53
2396, 0.41
2397, 0.55
2398, 0.77
2399, 0.36
2400, 0.49
2401, 0.40
2402, 0.53
2403, 0.34
2404, 0.33
2405, 0.43
2406, 0.37
2407, 0.46
2408, 0.78
2409, 0.41
2410, 0.53
2411, 0.51
2412, 0.63
2413, 0.54
2414, 0.44
2415, 0.34
2416, 0.51
2417, 0.44
2418, 0.49
2419, 0.73
2420, 0.37
2421, 0.77
2422, 0.54
2423, 0.46
2424, 0.62
2425, 0.53
2426, 0.36
2427, 0.48
2428, 0.37
2429, 0.48
2430, 0.46
2431, 0.39
2432, 0.56
2433, 0.75
2434, 0.54
2435, 0.49
2436, 0.39
2437, 0.37
2438, 0.38
2439, 0.33
2440, 0.39
2441, 0.36
2442, 0.48
2443, 0.53
2444, 0.36
2445, 0.41
2446, 0.45
2447, 0.55
2448, 0.55
2449, 0.50
2450, 0.45
2451, 0.37
2452, 0.45
2453, 0.46
2454, 0.37
2455, 0.49
2456, 0.75
2457, 0.51
2458, 0.39
2459, 0.46
2460, 0.74
2461, 0.82
2462, 0.34
2463, 0.76
2464, 0.62
2465, 0.51
2466, 0.35
2467, 0.75
2468, 0.53
2469, 0.42
2470, 0.43
2471, 0.51
2472, 0.50
2473, 0.52
2474, 0.50
2475, 0.50
2476, 0.58
2477, 0.53
2478, 0.40
2479, 0.75
2480, 0.49
2481, 0.53
2482, 0.72
2483, 0.50
2484, 0.54
2485, 0.50
2486, 0.53
2487, 0.48
2488, 0.52
2489, 0.56
2490, 0.55
2491, 0.52
2492, 0.38
2493, 0.48
2494, 0.55
2495, 0.45
2496, 0.50
2497, 0.45
2498, 0.78
2499, 0.34
2500, 0.59
2501, 0.42
2502, 0.34
2503, 0.42
2504, 0.54
2505, 0.57
2506, 0.51
2507, 0.48
2508, 0.52
2509, 0.35
2510, 0.54
2511, 0.48
2512, 0.42
2513, 0.80
2514, 0.71
2515, 0.56
2516, 0.76
2517, 0.39
2518, 0.46
2519, 0.37
2520, 0.47
2521, 0.34
2522, 0.36
2523, 0.57
2524, 0.40
2525, 0.45
2526, 0.33
2527, 0.52
2528, 0.44
2529, 0.53
2530, 0.50
2531, 0.54
2532, 0.40
2533, 0.37
2534, 0.50
2535, 0.37
2536, 0.49
2537, 0.51
2538, 0.54
2539, 0.50
2540, 0.42
2541, 0.78
2542, 0.44
2543, 0.50
2544, 0.51
2545, 0.55
2546, 0.37
2547, 0.56
2548, 0.51
2549, 0.51
2550, 0.75
2551, 0.58
2552, 0.41
2553, 0.81
2554, 0.50
2555, 0.48
2556, 0.31
2557, 0.47
2558, 0.50
2559, 0.38
2560, 0.42
2561, 0.32
2562, 0.80
2563, 0.80
2564, 0.36
2565, 0.49
2566, 0.50
2567, 0.53
2568, 0.56
2569, 0.75
2570, 0.48
2571, 0.44
2572, 0.52
2573, 0.77
2574, 0.50
2575, 0.54
2576, 0.41
2577, 0.45
2578, 0.57
2579, 0.48
2580, 0.46
2581, 0.54
2582, 0.54
2583, 0.52
2584, 0.43
2585, 0.43
2586, 0.52
2587, 0.51
2588, 0.35
2589, 0.49
2590, 0.47
2591, 0.50
2592, 0.62
2593, 0.45
2594, 0.53
2595, 0.55
2596, 0.37
2597, 0.41
2598, 0.45
2599, 0.37
2600, 0.51
2601, 0.40
2602, 0.49
2603, 0.53
2604, 0.41
2605, 0.47
2606, 0.74
2607, 0.56
2608, 0.51
2609, 0.51
2610, 0.36
2611, 0.39
2612, 0.43
2613, 0.48
2614, 0.31
2615, 0.51
2616, 0.52
2617, 0.75
2618, 0.45
2619, 0.39
2620, 0.47
2621, 0.49
2622, 0.71
2623, 0.56
2624, 0.41
2625, 0.36
2626, 0.69
2627, 0.79
2628, 0.43
2629, 0.48
2630, 0.57
2631, 0.47
2632, 0.49
2633, 0.71
2634, 0.41
2635, 0.33
2636, 0.37
2637, 0.39
2638, 0.40
2639, 0.53
2640, 0.55
2641, 0.46
2642, 0.52
2643, 0.54
2644, 0.42
2645, 0.48
2646, 0.42
2647, 0.52
2648, 0.56
2649, 0.53
2650, 0.47
2651, 0.39
2652, 0.52
2653, 0.35
2654, 0.56
2655, 0.58
2656, 0.59
2657, 0.82
2658, 0.56
2659, 0.45
2660, 0.48
2661, 0.53
2662, 0.79
2663, 0.41
2664, 0.46
2665, 0.60
2666, 0.50
2667, 0.35
2668, 0.50
2669, 0.37
2670, 0.50
2671, 0.82
2672, 0.44
2673, 0.46
2674, 0.43
2675, 0.34
2676, 0.33
2677, 0.52
2678, 0.76
2679, 0.60
2680, 0.52
2681, 0.75
2682, 0.44
2683, 0.68
2684, 0.52
2685, 0.39
2686, 0.53
2687, 0.57
2688, 0.36
2689, 0.49
2690, 0.42
2691, 0.28
2692, 0.57
2693, 0.32
2694, 0.53
2695, 0.47
2696, 0.39
2697, 0.54
2698, 0.51
2699, 0.47
2700, 0.49
2701, 0.36
2702, 0.50
2703, 0.59
2704, 0.39
2705, 0.38
2706, 0.76
2707, 0.45
2708, 0.49
2709, 0.53
2710, 0.71
2711, 0.46
2712, 0.73
2713, 0.59
2714, 0.38
2715, 0.42
2716, 0.36
2717, 0.35
2718, 0.58
2719, 0.51
2720, 0.54
2721, 0.76
2722, 0.51
2723, 0.52
2724, 0.55
2725, 0.35
2726, 0.51
2727, 0.52
2728, 0.51
2729, 0.52
2730, 0.47
2731, 0.49
2732, 0.58
2733, 0.40
2734, 0.46
2735, 0.53
2736, 0.57
2737, 0.44
2738, 0.58
2739, 0.50
2740, 0.50
2741, 0.76
2742, 0.83
2743, 0.72
2744, 0.37
2745, 0.55
2746, 0.42
2747, 0.39
2748, 0.54
2749, 0.36
2750, 0.52
2751, 0.40
2752, 0.44
2753, 0.51
2754, 0.80
2755, 0.78
2756, 0.39
2757, 0.47
2758, 0.83
2759, 0.60
2760, 0.51
2761, 0.38
2762, 0.54
2763, 0.37
2764, 0.46
2765, 0.39
2766, 0.43
2767, 0.54
2768, 0.44
2769, 0.44
2770, 0.47
2771, 0.56
2772, 0.47
2773, 0.52
2774, 0.43
2775, 0.32
2776, 0.74
2777, 0.75
2778, 0.42
2779, 0.30
2780, 0.45
2781, 0.52
2782, 0.42
2783, 0.52
2784, 0.78
2785, 0.44
2786, 0.78
2787, 0.51
2788, 0.41
2789, 0.60
2790, 0.45
2791, 0.56
2792, 0.74
2793, 0.51
2794, 0.46
2795, 0.39
2796, 0.38
2797, 0.44
2798, 0.47
2799, 0.44
2800, 0.39
2801, 0.35
2802, 0.44
2803, 0.49
2804, 0.42
2805, 0.58
2806, 0.33
2807, 0.45
2808, 0.58
2809, 0.53
2810, 0.30
2811, 0.43
2812, 0.47
2813, 0.43
2814, 0.53
2815, 0.60
2816, 0.55
2817, 0.44
2818, 0.40
2819, 0.39
2820, 0.85
2821, 0.53
2822, 0.40
2823, 0.35
2824, 0.52
2825, 0.34
2826, 0.82
2827, 0.32
2828, 0.47
2829, 0.48
2830, 0.40
2831, 0.48
2832, 0.51
2833, 0.49
2834, 0.82
2835, 0.59
2836, 0.36
2837, 0.73
2838, 0.47
2839, 0.47
2840, 0.57
2841, 0.37
2842, 0.60
2843, 0.56
2844, 0.35
2845, 0.59
2846, 0.44
2847, 0.41
2848, 0.50
2849, 0.53
2850, 0.52
2851, 0.45
2852, 0.38
2853, 0.53
2854, 0.52
2855, 0.43
2856, 0.39
2857, 0.79
2858, 0.44
2859, 0.54
2860, 0.46
2861, 0.37
2862, 0.50
2863, 0.36
2864, 0.51
2865, 0.41
2866, 0.47
2867, 0.41
2868, 0.45
2869, 0.54
2870, 0.36
2871, 0.33
2872, 0.51
2873, 0.53
2874, 0.47
2875, 0.54
2876, 0.47
2877, 0.35
2878, 0.44
2879, 0.48
2880, 0.70
2881, 0.48
2882, 0.75
2883, 0.61
2884, 0.72
2885, 0.46
2886, 0.48
2887, 0.58
2888, 0.46
2889, 0.55
2890, 0.50
2891, 0.52
2892, 0.43
2893, 0.50
2894, 0.40
2895, 0.48
2896, 0.84
2897, 0.32
2898, 0.79
2899, 0.47
2900, 0.50
2901, 0.46
2902, 0.82
2903, 0.75
2904, 0.40
2905, 0.46
2906, 0.46
2907, 0.52
2908, 0.44
2909, 0.38
2910, 0.76
2911, 0.53
2912, 0.34
2913, 0.48
2914, 0.35
2915, 0.75
2916, 0.38
2917, 0.37
2918, 0.57
2919, 0.48
2920, 0.44
2921, 0.78
2922, 0.54
2923, 0.39
2924, 0.58
2925, 0.49
2926, 0.36
2927, 0.52
2928, 0.56
2929, 0.48
2930, 0.45
2931, 0.51
2932, 0.53
2933, 0.59
2934, 0.54
2935, 0.56
2936, 0.57
2937, 0.46
2938, 0.67
2939, 0.36
2940, 0.43
2941, 0.37
2942, 0.53
2943, 0.52
2944, 0.47
2945, 0.32
2946, 0.51
2947, 0.50
2948, 0.76
2949, 0.70
2950, 0.32
2951, 0.49
2952, 0.49
2953, 0.48
2954, 0.85
2955, 0.47
2956, 0.48
2957, 0.76
2958, 0.35
2959, 0.38
2960, 0.52
2961, 0.56
2962, 0.49
2963, 0.47
2964, 0.44
2965, 0.42
2966, 0.50
2967, 0.51
2968, 0.35
2969, 0.53
2970, 0.40
2971, 0.51
2972, 0.32
2973, 0.79
2974, 0.53
2975, 0.43
2976, 0.50
2977, 0.46
2978, 0.51
2979, 0.53
2980, 0.46
2981, 0.45
2982, 0.41
2983, 0.34
2984, 0.43
2985, 0.50
2986, 0.50
2987, 0.34
2988, 0.50
2989, 0.37
2990, 0.55
2991, 0.49
2992, 0.78
2993, 0.46
2994, 0.49
2995, 0.57
2996, 0.36
2997, 0.55
2998, 0.44
2999, 0.47
3000, 0.33
3001, 0.50
3002, 0.57
3003, 0.77
3004, 0.81
3005, 0.48
3006, 0.37
3007, 0.49
3008, 0.42
3009, 0.42
3010, 0.47
3011, 0.54
3012, 0.37
3013, 0.48
3014, 0.53
3015, 0.51
3016, 0.35
3017, 0.46
3018, 0.49
3019, 0.55
3020, 0.56
3021, 0.38
3022, 0.49
3023, 0.38
3024, 0.50
3025, 0.50
3026, 0.49
3027, 0.55
3028, 0.47
3029, 0.36
3030, 0.56
3031, 0.66
3032, 0.40
3033, 0.44
3034, 0.44
3035, 0.42
3036, 0.47
3037, 0.35
3038, 0.52
3039, 0.48
3040, 0.47
3041, 0.30
3042, 0.38
3043, 0.36
3044, 0.51
3045, 0.59
3046, 0.48
3047, 0.35
3048, 0.36
3049, 0.40
3050, 0.42
3051, 0.53
3052, 0.49
3053, 0.45
3054, 0.32
3055, 0.40
3056, 0.37
3057, 0.56
3058, 0.36
3059, 0.39
3060, 0.54
3061, 0.41
3062, 0.38
3063, 0.40
3064, 0.30
3065, 0.47
3066, 0.51
3067, 0.46
3068, 0.47
3069, 0.54
3070, 0.57
3071, 0.37
3072, 0.56
3073, 0.53
3074, 0.43
3075, 0.47
3076, 0.37
3077, 0.35
3078, 0.41
3079, 0.46
3080, 0.50
3081, 0.78
3082, 0.83
3083, 0.37
3084, 0.55
3085, 0.52
3086, 0.50
3087, 0.51
3088, 0.61
3089, 0.79
3090, 0.51
3091, 0.46
3092, 0.34
3093, 0.49
3094, 0.80
3095, 0.50
3096, 0.44
3097, 0.46
3098, 0.52
3099, 0.50
3100, 0.83
3101, 0.54
3102, 0.35
3103, 0.35
3104, 0.37
3105, 0.40
3106, 0.37
3107, 0.48
3108, 0.34
3109, 0.39
3110, 0.80
3111, 0.41
3112, 0.49
3113, 0.61
3114, 0.34
3115, 0.53
3116, 0.34
3117, 0.51
3118, 0.48
3119, 0.58
3120, 0.42
3121, 0.49
3122, 0.36
3123, 0.52
3124, 0.78
3125, 0.57
3126, 0.50
3127, 0.47
3128, 0.48
3129, 0.52
3130, 0.73
3131, 0.40
3132, 0.52
3133, 0.62
3134, 0.58
3135, 0.54
3136, 0.46
3137, 0.47
3138, 0.53
3139, 0.43
3140, 0.37
3141, 0.52
3142, 0.77
3143, 0.53
3144, 0.50
3145, 0.34
3146, 0.50
3147, 0.41
3148, 0.52
3149, 0.46
3150, 0.48
3151, 0.56
3152, 0.45
3153, 0.38
3154, 0.78
3155, 0.44
3156, 0.58
3157, 0.51
3158, 0.58
3159, 0.83
3160, 0.78
3161, 0.38
3162, 0.48
3163, 0.60
3164, 0.74
3165, 0.50
3166, 0.49
3167, 0.42
3168, 0.47
3169, 0.45
3170, 0.53
3171, 0.54
3172, 0.53
3173, 0.82
3174, 0.37
3175, 0.45
3176, 0.50
3177, 0.45
3178, 0.46
3179, 0.44
3180, 0.36
3181, 0.52
3182, 0.53
3183, 0.59
3184, 0.48
3185, 0.36
3186, 0.34
3187, 0.49
3188, 0.43
3189, 0.49
3190, 0.49
3191, 0.71
3192, 0.52
3193, 0.40
3194, 0.77
3195, 0.32
3196, 0.35
3197, 0.39
3198, 0.36
3199, 0.50
3200, 0.54
3201, 0.46
3202, 0.51
3203, 0.57
3204, 0.84
3205, 0.48
3206, 0.51
3207, 0.78
3208, 0.39
3209, 0.47
3210, 0.41
3211, 0.77
3212, 0.73
3213, 0.50
3214, 0.37
3215, 0.75
3216, 0.30
3217, 0.49
3218, 0.47
3219, 0.51
3220, 0.43
3221, 0.54
3222, 0.74
3223, 0.46
3224, 0.45
3225, 0.57
3226, 0.47
3227, 0.47
3228, 0.37
3229, 0.52
3230, 0.41
3231, 0.46
3232, 0.76
3233, 0.55
3234, 0.49
3235, 0.51
3236, 0.48
3237, 0.49
3238, 0.47
3239, 0.47
3240, 0.43
3241, 0.48
3242, 0.41
3243, 0.44
3244, 0.47
3245, 0.51
3246, 0.55
3247, 0.77
3248, 0.52
3249, 0.56
3250, 0.42
3251, 0.50
3252, 0.77
3253, 0.54
3254, 0.82
3255, 0.53
3256, 0.33
3257, 0.52
3258, 0.81
3259, 0.49
3260, 0.31
3261, 0.33
3262, 0.47
3263, 0.38
3264, 0.34
3265, 0.50
3266, 0.55
3267, 0.35
3268, 0.48
3269, 0.56
3270, 0.53
3271, 0.30
3272, 0.34
3273, 0.51
3274, 0.73
3275, 0.82
3276, 0.31
3277, 0.43
3278, 0.31
3279, 0.72
3280, 0.58
3281, 0.43
3282, 0.58
3283, 0.33
3284, 0.51
3285, 0.53
3286, 0.81
3287, 0.54
3288, 0.43
3289, 0.42
3290, 0.44
3291, 0.78
3292, 0.84
3293, 0.52
3294, 0.46
3295, 0.44
3296, 0.49
3297, 0.48
3298, 0.37
3299, 0.49
3300, 0.49
3301, 0.55
3302, 0.37
3303, 0.46
3304, 0.53
3305, 0.30
3306, 0.48
3307, 0.57
3308, 0.45
3309, 0.51
3310, 0.82
3311, 0.48
3312, 0.57
3313, 0.80
3314, 0.49
3315, 0.42
3316, 0.41
3317, 0.58
3318, 0.50
3319, 0.34
3320, 0.55
3321, 0.51
3322, 0.52
3323, 0.47
3324, 0.47
3325, 0.39
3326, 0.38
3327, 0.37
3328, 0.45
3329, 0.34
3330, 0.53
3331, 0.57
3332, 0.44
3333, 0.42
3334, 0.47
3335, 0.77
3336, 0.35
3337, 0.48
3338, 0.49
3339, 0.52
3340, 0.77
3341, 0.42
3342, 0.62
3343, 0.35
3344, 0.36
3345, 0.48
3346, 0.57
3347, 0.49
3348, 0.34
3349, 0.53
3350, 0.41
3351, 0.55
3352, 0.36
3353, 0.38
3354, 0.53
3355, 0.34
3356, 0.52
3357, 0.51
3358, 0.35
3359, 0.49
3360, 0.52
3361, 0.65
3362, 0.40
3363, 0.35
3364, 0.47
3365, 0.51
3366, 0.48
3367, 0.47
3368, 0.40
3369, 0.36
3370, 0.43
3371, 0.48
3372, 0.48
3373, 0.50
3374, 0.46
3375, 0.54
3376, 0.44
3377, 0.68
3378, 0.39
3379, 0.39
3380, 0.46
3381, 0.31
3382, 0.41
3383, 0.49
3384, 0.32
3385, 0.50
3386, 0.77
3387, 0.50
3388, 0.40
3389, 0.50
3390, 0.46
3391, 0.50
3392, 0.48
3393, 0.41
3394, 0.38
3395, 0.49
3396, 0.79
3397, 0.46
3398, 0.44
3399, 0.56
3400, 0.81
3401, 0.47
3402, 0.43
3403, 0.51
3404, 0.56
3405, 0.53
3406, 0.50
3407, 0.41
3408, 0.47
3409, 0.35
3410, 0.47
3411, 0.46
3412, 0.76
3413, 0.47
3414, 0.83
3415, 0.49
3416, 0.39
3417, 0.71
3418, 0.50
3419, 0.34
3420, 0.45
3421, 0.36
3422, 0.52
3423, 0.52
3424, 0.47
3425, 0.75
3426, 0.51
3427, 0.47
3428, 0.46
3429, 0.53
3430, 0.48
3431, 0.70
3432, 0.34
3433, 0.51
3434, 0.42
3435, 0.43
3436, 0.52
3437, 0.78
3438, 0.32
3439, 0.38
3440, 0.43
3441, 0.39
3442, 0.40
3443, 0.37
3444, 0.42
3445, 0.51
3446, 0.48
3447, 0.53
3448, 0.44
3449, 0.53
3450, 0.34
3451, 0.55
3452, 0.55
3453, 0.54
3454, 0.78
3455, 0.50
3456, 0.35
3457, 0.76
3458, 0.59
3459, 0.54
3460, 0.49
3461, 0.49
3462, 0.68
3463, 0.79
3464, 0.50
3465, 0.39
3466, 0.46
3467, 0.41
3468, 0.41
3469, 0.53
3470, 0.40
3471, 0.53
3472, 0.33
3473, 0.41
3474, 0.49
3475, 0.55
3476, 0.54
3477, 0.41
3478, 0.53
3479, 0.59
3480, 0.49
3481, 0.39
3482, 0.40
3483, 0.52
3484, 0.45
3485, 0.82
3486, 0.51
3487, 0.58
3488, 0.43
3489, 0.50
3490, 0.55
3491, 0.44
3492, 0.74
3493, 0.49
3494, 0.45
3495, 0.53
3496, 0.43
3497, 0.47
3498, 0.55
3499, 0.52
3500, 0.37
3501, 0.45
3502, 0.49
3503, 0.39
3504, 0.37
3505, 0.56
3506, 0.42
3507, 0.43
3508, 0.50
3509, 0.54
3510, 0.53
3511, 0.53
3512, 0.44
3513, 0.52
3514, 0.52
3515, 0.36
3516, 0.82
3517, 0.47
3518, 0.38
3519, 0.45
3520, 0.43
3521, 0.52
3522, 0.36
3523, 0.52
3524, 0.39
3525, 0.84
3526, 0.40
3527, 0.40
3528, 0.78
3529, 0.42
3530, 0.40
3531, 0.47
3532, 0.48
3533, 0.53
3534, 0.42
3535, 0.46
3536, 0.39
3537, 0.45
3538, 0.57
3539, 0.45
3540, 0.60
3541, 0.82
3542, 0.51
3543, 0.52
3544, 0.46
3545, 0.35
3546, 0.54
3547, 0.57
3548, 0.48
3549, 0.36
3550, 0.45
3551, 0.50
3552, 0.52
3553, 0.52
3554, 0.78
3555, 0.38
3556, 0.58
3557, 0.37
3558, 0.38
3559, 0.56
3560, 0.41
3561, 0.77
3562, 0.35
3563, 0.39
3564, 0.37
3565, 0.44
3566, 0.52
3567, 0.54
3568, 0.32
3569, 0.78
3570, 0.47
3571, 0.45
3572, 0.37
3573, 0.53
3574, 0.67
3575, 0.35
3576, 0.40
3577, 0.49
3578, 0.41
3579, 0.39
3580, 0.37
3581, 0.53
3582, 0.42
3583, 0.45
3584, 0.52
3585, 0.58
3586, 0.79
3587, 0.40
3588, 0.38
3589, 0.50
3590, 0.42
3591, 0.52
3592, 0.49
3593, 0.41
3594, 0.35
3595, 0.72
3596, 0.43
3597, 0.41
3598, 0.48
3599, 0.56
3600, 0.37
3601, 0.41
3602, 0.34
3603, 0.84
3604, 0.38
3605, 0.46
3606, 0.56
3607, 0.39
3608, 0.44
3609, 0.54
3610, 0.35
3611, 0.54
3612, 0.51
3613, 0.45
3614, 0.52
3615, 0.35
3616, 0.80
3617, 0.53
3618, 0.48
3619, 0.36
3620, 0.46
3621, 0.36
3622, 0.35
3623, 0.82
3624, 0.49
3625, 0.78
3626, 0.43
3627, 0.56
3628, 0.49
3629, 0.51
3630, 0.47
3631, 0.79
3632, 0.51
3633, 0.37
3634, 0.56
3635, 0.42
3636, 0.52
3637, 0.50
3638, 0.49
3639, 0.35
3640, 0.53
3641, 0.37
3642, 0.54
3643, 0.67
3644, 0.74
3645, 0.42
3646, 0.84
3647, 0.49
3648, 0.53
3649, 0.48
3650, 0.33
3651, 0.43
3652, 0.38
3653, 0.74
3654, 0.58
3655, 0.74
3656, 0.38
3657, 0.32
3658, 0.34
3659, 0.53
3660, 0.83
3661, 0.52
3662, 0.46
3663, 0.41
3664, 0.48
3665, 0.47
3666, 0.61
3667, 0.54
3668, 0.56
3669, 0.44
3670, 0.39
3671, 0.35
3672, 0.46
3673, 0.57
3674, 0.58
3675, 0.53
3676, 0.36
3677, 0.52
3678, 0.39
3679, 0.46
3680, 0.41
3681, 0.47
3682, 0.33
3683, 0.49
3684, 0.38
3685, 0.42
3686, 0.47
3687, 0.37
3688, 0.38
3689, 0.48
3690, 0.51
3691, 0.41
3692, 0.54
3693, 0.44
3694, 0.81
3695, 0.60
3696, 0.48
3697, 0.54
3698, 0.47
3699, 0.52
3700, 0.81
3701, 0.46
3702, 0.56
3703, 0.42
3704, 0.47
3705, 0.76
3706, 0.39
3707, 0.40
3708, 0.47
3709, 0.45
3710, 0.30
3711, 0.54
3712, 0.45
3713, 0.42
3714, 0.55
3715, 0.52
3716, 0.48
3717, 0.73
3718, 0.36
3719, 0.50
3720, 0.45
3721, 0.73
3722, 0.47
3723, 0.49
3724, 0.57
3725, 0.34
3726, 0.46
3727, 0.78
3728, 0.50
3729, 0.46
3730, 0.52
3731, 0.52
3732, 0.54
3733, 0.50
3734, 0.56
3735, 0.52
3736, 0.40
3737, 0.52
3738, 0.51
3739, 0.52
3740, 0.47
3741, 0.36
3742, 0.46
3743, 0.55
3744, 0.47
3745, 0.75
3746, 0.54
3747, 0.80
3748, 0.36
3749, 0.60
3750, 0.55
3751, 0.47
3752, 0.53
3753, 0.56
3754, 0.82
3755, 0.46
3756, 0.37
3757, 0.46
3758, 0.76
3759, 0.36
3760, 0.33
3761, 0.35
3762, 0.56
3763, 0.61
3764, 0.32
3765, 0.52
3766, 0.43
3767, 0.46
3768, 0.45
3769, 0.75
3770, 0.48
3771, 0.38
3772, 0.47
3773, 0.55
3774, 0.41
3775, 0.51
3776, 0.49
3777, 0.39
3778, 0.33
3779, 0.53
3780, 0.51
3781, 0.58
3782, 0.48
3783, 0.47
3784, 0.50
3785, 0.40
3786, 0.61
3787, 0.51
3788, 0.46
3789, 0.41
3790, 0.53
3791, 0.48
3792, 0.48
3793, 0.52
3794, 0.48
3795, 0.59
3796, 0.47
3797, 0.52
3798, 0.82
3799, 0.46
3800, 0.81
3801, 0.47
3802, 0.51
3803, 0.70
3804, 0.51
3805, 0.39
3806, 0.47
3807, 0.52
3808, 0.52
3809, 0.51
3810, 0.34
3811, 0.41
3812, 0.36
3813, 0.48
3814, 0.47
3815, 0.82
3816, 0.44
3817, 0.51
3818, 0.39
3819, 0.47
3820, 0.41
3821, 0.47
3822, 0.42
3823, 0.43
3824, 0.48
3825, 0.39
3826, 0.41
3827, 0.40
3828, 0.76
3829, 0.45
3830, 0.47
3831, 0.36
3832, 0.36
3833, 0.57
3834, 0.58
3835, 0.36
3836, 0.80
3837, 0.53
3838, 0.35
3839, 0.45
3840, 0.36
3841, 0.45
3842, 0.48
3843, 0.79
3844, 0.40
3845, 0.36
3846, 0.48
3847, 0.52
3848, 0.34
3849, 0.57
3850, 0.43
3851, 0.48
3852, 0.44
3853, 0.41
3854, 0.49
3855, 0.71
3856, 0.41
3857, 0.80
3858, 0.57
3859, 0.51
3860, 0.52
3861, 0.83
3862, 0.32
3863, 0.51
3864, 0.44
3865, 0.46
3866, 0.45
3867, 0.58
3868, 0.40
3869, 0.50
3870, 0.59
3871, 0.47
3872, 0.44
3873, 0.81
3874, 0.51
3875, 0.80
3876, 0.57
3877, 0.44
3878, 0.57
3879, 0.47
3880, 0.53
3881, 0.40
3882, 0.55
3883, 0.40
3884, 0.49
3885, 0.41
3886, 0.37
3887, 0.41
3888, 0.44
3889, 0.53
3890, 0.39
3891, 0.49
3892, 0.32
3893, 0.48
3894, 0.43
3895, 0.47
3896, 0.57
3897, 0.34
3898, 0.59
3899, 0.38
3900, 0.50
3901, 0.51
3902, 0.56
3903, 0.46
3904, 0.75
3905, 0.51
3906, 0.51
3907, 0.50
3908, 0.77
3909, 0.50
3910, 0.49
3911, 0.37
3912, 0.46
3913, 0.51
3914, 0.36
3915, 0.49
3916, 0.36
3917, 0.43
3918, 0.48
3919, 0.50
3920, 0.45
3921, 0.49
3922, 0.46
3923, 0.54
3924, 0.64
3925, 0.48
3926, 0.40
3927, 0.51
3928, 0.73
3929, 0.72
3930, 0.41
3931, 0.56
3932, 0.59
3933, 0.43
3934, 0.52
3935, 0.45
3936, 0.53
3937, 0.51
3938, 0.47
3939, 0.54
3940, 0.56
3941, 0.43
3942, 0.49
3943, 0.55
3944, 0.77
3945, 0.50
3946, 0.39
3947, 0.51
3948, 0.29
3949, 0.67
3950, 0.49
3951, 0.50
3952, 0.82
3953, 0.37
3954, 0.47
3955, 0.33
3956, 0.37
3957, 0.46
3958, 0.57
3959, 0.78
3960, 0.35
3961, 0.51
3962, 0.46
3963, 0.53
3964, 0.57
3965, 0.68
3966, 0.48
3967, 0.48
3968, 0.43
3969, 0.39
3970, 0.49
3971, 0.37
3972, 0.53
3973, 0.47
3974, 0.50
3975, 0.44
3976, 0.52
3977, 0.53
3978, 0.74
3979, 0.33
3980, 0.36
3981, 0.52
3982, 0.49
3983, 0.73
3984, 0.46
3985, 0.56
3986, 0.43
3987, 0.35
3988, 0.72
3989, 0.55
3990, 0.38
3991, 0.49
3992, 0.60
3993, 0.50
3994, 0.61
3995, 0.46
3996, 0.36
3997, 0.40
3998, 0.43
3999, 0.46
4000, 0.34
4001, 0.46
4002, 0.39
4003, 0.84
4004, 0.46
4005, 0.49
4006, 0.43
4007, 0.49
4008, 0.55
4009, 0.49
4010, 0.37
4011, 0.69
4012, 0.50
4013, 0.54
4014, 0.38
4015, 0.51
4016, 0.47
4017, 0.33
4018, 0.54
4019, 0.57
4020, 0.50
4021, 0.47
4022, 0.55
4023, 0.51
4024, 0.56
4025, 0.54
4026, 0.49
4027, 0.52
4028, 0.48
4029, 0.78
4030, 0.53
4031, 0.30
4032, 0.52
4033, 0.56
4034, 0.45
4035, 0.45
4036, 0.52
4037, 0.41
4038, 0.51
4039, 0.61
4040, 0.48
4041, 0.46
4042, 0.51
4043, 0.53
4044, 0.50
4045, 0.42
4046, 0.58
4047, 0.40
4048, 0.52
4049, 0.60
4050, 0.58
4051, 0.49
4052, 0.50
4053, 0.36
4054, 0.39
4055, 0.40
4056, 0.51
4057, 0.54
4058, 0.78
4059, 0.46
4060, 0.47
4061, 0.41
4062, 0.46
4063, 0.35
4064, 0.54
4065, 0.51
4066, 0.74
4067, 0.29
4068, 0.82
4069, 0.57
4070, 0.37
4071, 0.85
4072, 0.49
4073, 0.77
4074, 0.47
4075, 0.52
4076, 0.35
4077, 0.46
4078, 0.79
4079, 0.46
4080, 0.51
4081, 0.50
4082, 0.36
4083, 0.51
4084, 0.54
4085, 0.51
4086, 0.49
4087, 0.70
4088, 0.37
4089, 0.57
4090, 0.69
4091, 0.80
4092, 0.70
4093, 0.44
4094, 0.50
4095, 0.49
4096, 0.56
4097, 0.44
4098, 0.45
4099, 0.38
4100, 0.37
4101, 0.41
4102, 0.51
4103, 0.40
4104, 0.32
4105, 0.38
4106, 0.51
4107, 0.56
4108, 0.80
4109, 0.44
4110, 0.76
4111, 0.74
4112, 0.76
4113, 0.58
4114, 0.51
4115, 0.47
4116, 0.47
4117, 0.55
4118, 0.45
4119, 0.38
4120, 0.55
4121, 0.48
4122, 0.40
4123, 0.34
4124, 0.47
4125, 0.53
4126, 0.43
4127, 0.53
4128, 0.50
4129, 0.55
4130, 0.48
4131, 0.51
4132, 0.57
4133, 0.83
4134, 0.56
4135, 0.57
4136, 0.54
4137, 0.50
4138, 0.39
4139, 0.58
4140, 0.50
4141, 0.81
4142, 0.36
4143, 0.48
4144, 0.37
4145, 0.39
4146, 0.71
4147, 0.59
4148, 0.36
4149, 0.34
4150, 0.54
4151, 0.57
4152, 0.46
4153, 0.47
4154, 0.52
4155, 0.77
4156, 0.37
4157, 0.54
4158, 0.49
4159, 0.51
4160, 0.42
4161, 0.37
4162, 0.39
4163, 0.47
4164, 0.48
4165, 0.82
4166, 0.49
4167, 0.41
4168, 0.46
4169, 0.58
4170, 0.54
4171, 0.48
4172, 0.53
4173, 0.53
4174, 0.33
4175, 0.40
4176, 0.69
4177, 0.82
4178, 0.51
4179, 0.74
4180, 0.40
4181, 0.48
4182, 0.42
4183, 0.50
4184, 0.50
4185, 0.46
4186, 0.56
4187, 0.42
4188, 0.78
4189, 0.55
4190, 0.42
4191, 0.47
4192, 0.46
4193, 0.75
4194, 0.50
4195, 0.44
4196, 0.48
4197, 0.41
4198, 0.48
4199, 0.49
4200, 0.47
4201, 0.37
4202, 0.46
4203, 0.49
4204, 0.45
4205, 0.35
4206, 0.53
4207, 0.32
4208, 0.52
4209, 0.43
4210, 0.46
4211, 0.45
4212, 0.50
4213, 0.71
4214, 0.41
4215, 0.57
4216, 0.80
4217, 0.31
4218, 0.48
4219, 0.76
4220, 0.48
4221, 0.52
4222, 0.53
4223, 0.43
4224, 0.46
4225, 0.47
4226, 0.36
4227, 0.46
4228, 0.42
4229, 0.44
4230, 0.49
4231, 0.52
4232, 0.66
4233, 0.52
4234, 0.53
4235, 0.47
4236, 0.53
4237, 0.41
4238, 0.37
4239, 0.80
4240, 0.54
4241, 0.47
4242, 0.82
4243, 0.54
4244, 0.38
4245, 0.43
4246, 0.46
4247, 0.79
4248, 0.43
4249, 0.47
4250, 0.31
4251, 0.54
4252, 0.76
4253, 0.49
4254, 0.49
4255, 0.42
4256, 0.46
4257, 0.47
4258, 0.48
4259, 0.41
4260, 0.85
4261, 0.77
4262, 0.50
4263, 0.42
4264, 0.43
4265, 0.39
4266, 0.76
4267, 0.48
4268, 0.84
4269, 0.51
4270, 0.53
4271, 0.35
4272, 0.38
4273, 0.41
4274, 0.34
4275, 0.53
4276, 0.54
4277, 0.29
4278, 0.40
4279, 0.56
4280, 0.47
4281, 0.48
4282, 0.71
4283, 0.40
4284, 0.59
4285, 0.82
4286, 0.38
4287, 0.35
4288, 0.56
4289, 0.44
4290, 0.38
4291, 0.40
4292, 0.37
4293, 0.49
4294, 0.55
4295, 0.56
4296, 0.52
4297, 0.44
4298, 0.43
4299, 0.40
4300, 0.47
4301, 0.45
4302, 0.51
4303, 0.45
4304, 0.53
4305, 0.73
4306, 0.53
4307, 0.37
4308, 0.53
4309, 0.45
4310, 0.49
4311, 0.40
4312, 0.44
4313, 0.49
4314, 0.38
4315, 0.46
4316, 0.40
4317, 0.40
4318, 0.47
4319, 0.32
4320, 0.41
4321, 0.80
4322, 0.47
4323, 0.81
4324, 0.40
4325, 0.50
4326, 0.46
4327, 0.47
4328, 0.56
4329, 0.52
4330, 0.43
4331, 0.32
4332, 0.73
4333, 0.82
4334, 0.56
4335, 0.49
4336, 0.40
4337, 0.45
4338, 0.46
4339, 0.81
4340, 0.60
4341, 0.40
4342, 0.54
4343, 0.33
4344, 0.41
4345, 0.49
4346, 0.52
4347, 0.43
4348, 0.36
4349, 0.39
4350, 0.54
4351, 0.52
4352, 0.34
4353, 0.72
4354, 0.44
4355, 0.52
4356, 0.36
4357, 0.55
4358, 0.41
4359, 0.54
4360, 0.46
4361, 0.46
4362, 0.48
4363, 0.77
4364, 0.40
4365, 0.64
4366, 0.45
4367, 0.81
4368, 0.82
4369, 0.55
4370, 0.51
4371, 0.37
4372, 0.47
4373, 0.44
4374, 0.47
4375, 0.35
4376, 0.48
4377, 0.47
4378, 0.51
4379, 0.49
4380, 0.56
4381, 0.51
4382, 0.55
4383, 0.57
4384, 0.50
4385, 0.54
4386, 0.56
4387, 0.51
4388, 0.73
4389, 0.50
4390, 0.37
4391, 0.39
4392, 0.50
4393, 0.32
4394, 0.55
4395, 0.56
4396, 0.43
4397, 0.58
4398, 0.36
4399, 0.50
4400, 0.79
4401, 0.35
4402, 0.53
4403, 0.48
4404, 0.56
4405, 0.51
4406, 0.49
4407, 0.31
4408, 0.82
4409, 0.40
4410, 0.50
4411, 0.38
4412, 0.56
4413, 0.61
4414, 0.39
4415, 0.32
4416, 0.46
4417, 0.40
4418, 0.41
4419, 0.56
4420, 0.57
4421, 0.37
4422, 0.45
4423, 0.50
4424, 0.85
4425, 0.49
4426, 0.43
4427, 0.41
4428, 0.30
4429, 0.50
4430, 0.50
4431, 0.47
4432, 0.42
4433, 0.55
4434, 0.45
4435, 0.34
4436, 0.48
4437, 0.52
4438, 0.48
4439, 0.76
4440, 0.79
4441, 0.47
4442, 0.56
4443, 0.51
4444, 0.36
4445, 0.41
4446, 0.55
4447, 0.75
4448, 0.55
4449, 0.53
4450, 0.55
4451, 0.49
4452, 0.48
4453, 0.53
4454, 0.41
4455, 0.34
4456, 0.36
4457, 0.50
4458, 0.85
4459, 0.51
4460, 0.37
4461, 0.49
4462, 0.41
4463, 0.48
4464, 0.40
4465, 0.50
4466, 0.45
4467, 0.41
4468, 0.47
4469, 0.65
4470, 0.62
4471, 0.34
4472, 0.41
4473, 0.49
4474, 0.40
4475, 0.50
4476, 0.76
4477, 0.37
4478, 0.76
4479, 0.51
4480, 0.61
4481, 0.38
4482, 0.49
4483, 0.45
4484, 0.48
4485, 0.38
4486, 0.51
4487, 0.52
4488, 0.56
4489, 0.50
4490, 0.40
4491, 0.51
4492, 0.49
4493, 0.47
4494, 0.39
4495, 0.80
4496, 0.36
4497, 0.48
4498, 0.85
4499, 0.39
4500, 0.34
4501, 0.77
4502, 0.81
4503, 0.51
4504, 0.40
4505, 0.46
4506, 0.39
4507, 0.35
4508, 0.53
4509, 0.49
4510, 0.39
4511, 0.56
4512, 0.55
4513, 0.37
4514, 0.70
4515, 0.47
4516, 0.49
4517, 0.54
4518, 0.52
4519, 0.42
4520, 0.37
4521, 0.35
4522, 0.56
4523, 0.81
4524, 0.47
4525, 0.30
4526, 0.41
4527, 0.75
4528, 0.51
4529, 0.54
4530, 0.38
4531, 0.52
4532, 0.47
4533, 0.45
4534, 0.76
4535, 0.47
4536, 0.47
4537, 0.84
4538, 0.45
4539, 0.35
4540, 0.51
4541, 0.53
4542, 0.32
4543, 0.37
4544, 0.47
4545, 0.78
4546, 0.44
4547, 0.48
4548, 0.57
4549, 0.47
4550, 0.50
4551, 0.37
4552, 0.47
4553, 0.81
4554, 0.51
4555, 0.51
4556, 0.58
4557, 0.53
4558, 0.38
4559, 0.57
4560, 0.44
4561, 0.56
4562, 0.52
4563, 0.81
4564, 0.81
4565, 0.53
4566, 0.49
4567, 0.47
4568, 0.44
4569, 0.60
4570, 0.47
4571, 0.49
4572, 0.51
4573, 0.52
4574, 0.39
4575, 0.69
4576, 0.81
4577, 0.37
4578, 0.42
4579, 0.59
4580, 0.50
4581, 0.72
4582, 0.82
4583, 0.48
4584, 0.40
4585, 0.80
4586, 0.40
4587, 0.84
4588, 0.61
4589, 0.39
4590, 0.37
4591, 0.44
4592, 0.40
4593, 0.35
4594, 0.42
4595, 0.66
4596, 0.55
4597, 0.51
4598, 0.40
4599, 0.48
4600, 0.48
4601, 0.29
4602, 0.50
4603, 0.34
4604, 0.52
4605, 0.52
4606, 0.38
4607, 0.33
4608, 0.47
4609, 0.51
4610, 0.35
4611, 0.47
4612, 0.47
4613, 0.35
4614, 0.35
4615, 0.31
4616, 0.50
4617, 0.58
4618, 0.82
4619, 0.40
4620, 0.53
4621, 0.35
4622, 0.83
4623, 0.72
4624, 0.59
4625, 0.54
4626, 0.77
4627, 0.33
4628, 0.41
4629, 0.81
4630, 0.50
4631, 0.46
4632, 0.51
4633, 0.54
4634, 0.55
4635, 0.39
4636, 0.80
4637, 0.45
4638, 0.52
4639, 0.82
4640, 0.77
4641, 0.45
4642, 0.44
4643, 0.57
4644, 0.53
4645, 0.45
4646, 0.50
4647, 0.47
4648, 0.44
4649, 0.56
4650, 0.42
4651, 0.51
4652, 0.46
4653, 0.54
4654, 0.35
4655, 0.47
4656, 0.77
4657, 0.46
4658, 0.44
4659, 0.33
4660, 0.42
4661, 0.49
4662, 0.54
4663, 0.40
4664, 0.74
4665, 0.53
4666, 0.55
4667, 0.76
4668, 0.40
4669, 0.43
4670, 0.42
4671, 0.42
4672, 0.75
4673, 0.36
4674, 0.71
4675, 0.43
4676, 0.49
4677, 0.46
4678, 0.36
4679, 0.35
4680, 0.39
4681, 0.63
4682, 0.71
4683, 0.82
4684, 0.81
4685, 0.57
4686, 0.50
4687, 0.36
4688, 0.40
4689, 0.48
4690, 0.72
4691, 0.53
4692, 0.50
4693, 0.54
4694, 0.41
4695, 0.55
4696, 0.35
4697, 0.41
4698, 0.51
4699, 0.42
4700, 0.48
4701, 0.76
4702, 0.51
4703, 0.53
4704, 0.42
4705, 0.50
4706, 0.43
4707, 0.45
4708, 0.81
4709, 0.61
4710, 0.53
4711, 0.41
4712, 0.34
4713, 0.57
4714, 0.42
4715, 0.46
4716, 0.41
4717, 0.37
4718, 0.79
4719, 0.72
4720, 0.42
4721, 0.54
4722, 0.50
4723, 0.47
4724, 0.47
4725, 0.37
4726, 0.45
4727, 0.53
4728, 0.59
4729, 0.46
4730, 0.51
4731, 0.48
4732, 0.52
4733, 0.48
4734, 0.46
4735, 0.53
4736, 0.38
4737, 0.49
4738, 0.50
4739, 0.50
4740, 0.36
4741, 0.54
4742, 0.55
4743, 0.58
4744, 0.53
4745, 0.54
4746, 0.50
4747, 0.53
4748, 0.55
4749, 0.83
4750, 0.54
4751, 0.47
4752, 0.52
4753, 0.46
4754, 0.54
4755, 0.77
4756, 0.42
4757, 0.55
4758, 0.68
4759, 0.51
4760, 0.43
4761, 0.45
4762, 0.83
4763, 0.50
4764, 0.38
4765, 0.44
4766, 0.37
4767, 0.52
4768, 0.52
4769, 0.43
4770, 0.49
4771, 0.81
4772, 0.47
4773, 0.53
4774, 0.53
4775, 0.50
4776, 0.43
4777, 0.45
4778, 0.49
4779, 0.57
4780, 0.56
4781, 0.76
4782, 0.52
4783, 0.75
4784, 0.59
4785, 0.72
4786, 0.65
4787, 0.72
4788, 0.39
4789, 0.47
4790, 0.42
4791, 0.52
4792, 0.56
4793, 0.47
4794, 0.45
4795, 0.71
4796, 0.77
4797, 0.53
4798, 0.51
4799, 0.43
4800, 0.46
4801, 0.35
4802, 0.41
4803, 0.34
4804, 0.55
4805, 0.52
4806, 0.58
4807, 0.44
4808, 0.55
4809, 0.54
4810, 0.54
4811, 0.45
4812, 0.45
4813, 0.52
4814, 0.32
4815, 0.56
4816, 0.49
4817, 0.56
4818, 0.51
4819, 0.51
4820, 0.77
4821, 0.47
4822, 0.40
4823, 0.35
4824, 0.54
4825, 0.46
4826, 0.39
4827, 0.39
4828, 0.45
4829, 0.83
4830, 0.55
4831, 0.45
4832, 0.45
4833, 0.75
4834, 0.45
4835, 0.44
4836, 0.68
4837, 0.35
4838, 0.36
4839, 0.35
4840, 0.50
4841, 0.45
4842, 0.53
4843, 0.46
4844, 0.41
4845, 0.45
4846, 0.77
4847, 0.47
4848, 0.81
4849, 0.46
4850, 0.44
4851, 0.32
4852, 0.55
4853, 0.50
4854, 0.33
4855, 0.38
4856, 0.32
4857, 0.54
4858, 0.54
4859, 0.38
4860, 0.56
4861, 0.37
4862, 0.49
4863, 0.48
4864, 0.66
4865, 0.35
4866, 0.73
4867, 0.39
4868, 0.32
4869, 0.54
4870, 0.46
4871, 0.77
4872, 0.52
4873, 0.54
4874, 0.41
4875, 0.44
4876, 0.44
4877, 0.79
4878, 0.58
4879, 0.38
4880, 0.57
4881, 0.56
4882, 0.83
4883, 0.83
4884, 0.47
4885, 0.39
4886, 0.46
4887, 0.48
4888, 0.39
4889, 0.50
4890, 0.47
4891, 0.32
4892, 0.46
4893, 0.44
4894, 0.32
4895, 0.53
4896, 0.50
4897, 0.46
4898, 0.50
4899, 0.47
4900, 0.51
4901, 0.48
4902, 0.45
4903, 0.51
4904, 0.49
4905, 0.48
4906, 0.74
4907, 0.47
4908, 0.45
4909, 0.55
4910, 0.47
4911, 0.47
4912, 0.83
4913, 0.40
4914, 0.48
4915, 0.82
4916, 0.85
4917, 0.55
4918, 0.59
4919, 0.41
4920, 0.40
4921, 0.48
4922, 0.43
4923, 0.75
4924, 0.56
4925, 0.56
4926, 0.34
4927, 0.61
4928, 0.45
4929, 0.76
4930, 0.74
4931, 0.53
4932, 0.45
4933, 0.40
4934, 0.39
4935, 0.48
4936, 0.46
4937, 0.58
4938, 0.50
4939, 0.55
4940, 0.34
4941, 0.49
4942, 0.42
4943, 0.60
4944, 0.83
4945, 0.45
4946, 0.57
4947, 0.48
4948, 0.49
4949, 0.48
4950, 0.50
4951, 0.57
4952, 0.59
4953, 0.58
4954, 0.53
4955, 0.42
4956, 0.39
4957, 0.52
4958, 0.39
4959, 0.39
4960, 0.43
4961, 0.84
4962, 0.31
4963, 0.46
4964, 0.47
4965, 0.50
4966, 0.59
4967, 0.47
4968, 0.48
4969, 0.76
4970, 0.35
4971, 0.49
4972, 0.43
4973, 0.37
4974, 0.46
4975, 0.50
4976, 0.44
4977, 0.53
4978, 0.40
4979, 0.43
4980, 0.42
4981, 0.36
4982, 0.47
4983, 0.56
4984, 0.37
4985, 0.56
4986, 0.60
4987, 0.46
4988, 0.79
4989, 0.52
4990, 0.30
4991, 0.65
4992, 0.33
4993, 0.49
4994, 0.44
4995, 0.49
4996, 0.44
4997, 0.54
4998, 0.46
4999, 0.53
5000, 0.78
5001, 0.50
5002, 0.55
5003, 0.51
5004, 0.36
5005, 0.35
5006, 0.54
5007, 0.43
5008, 0.54
5009, 0.42
5010, 0.50
5011, 0.32
5012, 0.47
5013, 0.52
5014, 0.78
5015, 0.39
5016, 0.51
5017, 0.40
5018, 0.70
5019, 0.53
5020, 0.56
5021, 0.39
5022, 0.63
5023, 0.70
5024, 0.51
5025, 0.47
5026, 0.46
5027, 0.43
5028, 0.39
5029, 0.38
5030, 0.40
5031, 0.50
5032, 0.39
5033, 0.57
5034, 0.35
5035, 0.48
5036, 0.51
5037, 0.38
5038, 0.52
5039, 0.42
5040, 0.52
5041, 0.49
5042, 0.76
5043, 0.32
5044, 0.44
5045, 0.54
5046, 0.57
5047, 0.46
5048, 0.41
5049, 0.47
5050, 0.54
5051, 0.36
5052, 0.38
5053, 0.77
5054, 0.51
5055, 0.57
5056, 0.47
5057, 0.35
5058, 0.43
5059, 0.81
5060, 0.88
5061, 0.35
5062, 0.53
5063, 0.55
5064, 0.49
5065, 0.36
5066, 0.39
5067, 0.52
5068, 0.49
5069, 0.49
5070, 0.47
5071, 0.46
5072, 0.55
5073, 0.60
5074, 0.43
5075, 0.49
5076, 0.56
5077, 0.45
5078, 0.82
5079, 0.79
5080, 0.46
5081, 0.39
5082, 0.41
5083, 0.44
5084, 0.51
5085, 0.76
5086, 0.49
5087, 0.53
5088, 0.55
5089, 0.78
5090, 0.46
5091, 0.49
5092, 0.40
5093, 0.38
5094, 0.40
5095, 0.52
5096, 0.39
5097, 0.34
5098, 0.43
5099, 0.55
5100, 0.47
5101, 0.51
5102, 0.40
5103, 0.56
5104, 0.53
5105, 0.47
5106, 0.50
5107, 0.51
5108, 0.56
5109, 0.77
5110, 0.39
5111, 0.48
5112, 0.42
5113, 0.33
5114, 0.44
5115, 0.46
5116, 0.42
5117, 0.82
5118, 0.48
5119, 0.34
5120, 0.53
5121, 0.53
5122, 0.43
5123, 0.41
5124, 0.53
5125, 0.72
5126, 0.52
5127, 0.31
5128, 0.49
5129, 0.40
5130, 0.48
5131, 0.33
5132, 0.34
5133, 0.56
5134, 0.58
5135, 0.54
5136, 0.36
5137, 0.33
5138, 0.53
5139, 0.44
5140, 0.73
5141, 0.48
5142, 0.77
5143, 0.39
5144, 0.56
5145, 0.59
5146, 0.52
5147, 0.52
5148, 0.55
5149, 0.45
5150, 0.50
5151, 0.50
5152, 0.33
5153, 0.50
5154, 0.43
5155, 0.35
5156, 0.41
5157, 0.48
5158, 0.49
5159, 0.44
5160, 0.36
5161, 0.46
5162, 0.38
5163, 0.37
5164, 0.60
5165, 0.55
5166, 0.42
5167, 0.47
5168, 0.39
5169, 0.53
5170, 0.53
5171, 0.60
5172, 0.47
5173, 0.42
5174, 0.56
5175, 0.48
5176, 0.84
5177, 0.49
5178, 0.52
5179, 0.38
5180, 0.49
5181, 0.80
5182, 0.36
5183, 0.42
5184, 0.78
5185, 0.74
5186, 0.47
5187, 0.32
5188, 0.42
5189, 0.47
5190, 0.54
5191, 0.48
5192, 0.43
5193, 0.44
5194, 0.55
5195, 0.81
5196, 0.44
5197, 0.37
5198, 0.52
5199, 0.44
5200, 0.73
5201, 0.47
5202, 0.49
5203, 0.49
5204, 0.40
5205, 0.59
5206, 0.34
5207, 0.81
5208, 0.37
5209, 0.44
5210, 0.37
5211, 0.49
5212, 0.53
5213, 0.71
5214, 0.35
5215, 0.35
5216, 0.32
5217, 0.38
5218, 0.40
5219, 0.51
5220, 0.56
5221, 0.41
5222, 0.41
5223, 0.46
5224, 0.50
5225, 0.43
5226, 0.51
5227, 0.36
5228, 0.51
5229, 0.37
5230, 0.42
5231, 0.32
5232, 0.58
5233, 0.47
5234, 0.37
5235, 0.57
5236, 0.48
5237, 0.46
5238, 0.41
5239, 0.42
5240, 0.53
5241, 0.59
5242, 0.33
5243, 0.46
5244, 0.79
5245, 0.34
5246, 0.68
5247, 0.56
5248, 0.49
5249, 0.54
5250, 0.52
5251, 0.47
5252, 0.52
5253, 0.42
5254, 0.39
5255, 0.43
5256, 0.51
5257, 0.36
5258, 0.59
5259, 0.50
5260, 0.37
5261, 0.75
5262, 0.41
5263, 0.52
5264, 0.51
5265, 0.44
5266, 0.44
5267, 0.79
5268, 0.49
5269, 0.52
5270, 0.43
5271, 0.45
5272, 0.87
5273, 0.40
5274, 0.53
5275, 0.51
5276, 0.48
5277, 0.39
5278, 0.41
5279, 0.55
5280, 0.49
5281, 0.79
5282, 0.48
5283, 0.77
5284, 0.63
5285, 0.46
5286, 0.38
5287, 0.49
5288, 0.60
5289, 0.51
5290, 0.59
5291, 0.82
5292, 0.43
5293, 0.47
5294, 0.34
5295, 0.33
5296, 0.35
5297, 0.47
5298, 0.50
5299, 0.73
5300, 0.57
5301, 0.57
5302, 0.47
5303, 0.59
5304, 0.53
5305, 0.52
5306, 0.55
5307, 0.49
5308, 0.73
5309, 0.51
5310, 0.43
5311, 0.45
5312, 0.51
5313, 0.50
5314, 0.53
5315, 0.75
5316, 0.52
5317, 0.37
5318, 0.52
5319, 0.81
5320, 0.67
5321, 0.52
5322, 0.54
5323, 0.44
5324, 0.43
5325, 0.43
5326, 0.48
5327, 0.43
5328, 0.47
5329, 0.52
5330, 0.53
5331, 0.58
5332, 0.40
5333, 0.41
5334, 0.38
5335, 0.44
5336, 0.44
5337, 0.43
5338, 0.43
5339, 0.32
5340, 0.34
5341, 0.55
5342, 0.46
5343, 0.48
5344, 0.45
5345, 0.49
5346, 0.52
5347, 0.56
5348, 0.58
5349, 0.53
5350, 0.56
5351, 0.65
5352, 0.50
5353, 0.53
5354, 0.41
5355, 0.74
5356, 0.74
5357, 0.48
5358, 0.47
5359, 0.46
5360, 0.48
5361, 0.60
5362, 0.47
5363, 0.47
5364, 0.46
5365, 0.54
5366, 0.43
5367, 0.79
5368, 0.54
5369, 0.44
5370, 0.79
5371, 0.55
5372, 0.49
5373, 0.47
5374, 0.38
5375, 0.62
5376, 0.35
5377, 0.51
5378, 0.63
5379, 0.42
5380, 0.41
5381, 0.49
5382, 0.39
5383, 0.45
5384, 0.60
5385, 0.50
5386, 0.53
5387, 0.37
5388, 0.38
5389, 0.49
5390, 0.39
5391, 0.40
5392, 0.51
5393, 0.79
5394, 0.49
5395, 0.50
5396, 0.73
5397, 0.47
5398, 0.50
5399, 0.44
5400, 0.49
5401, 0.44
5402, 0.49
5403, 0.41
5404, 0.40
5405, 0.50
5406, 0.40
5407, 0.42
5408, 0.53
5409, 0.48
5410, 0.37
5411, 0.29
5412, 0.79
5413, 0.46
5414, 0.73
5415, 0.44
5416, 0.57
5417, 0.31
5418, 0.33
5419, 0.73
5420, 0.38
5421, 0.52
5422, 0.51
5423, 0.60
5424, 0.44
5425, 0.59
5426, 0.47
5427, 0.44
5428, 0.51
5429, 0.43
5430, 0.46
5431, 0.51
5432, 0.56
5433, 0.55
5434, 0.81
5435, 0.49
5436, 0.42
5437, 0.58
5438, 0.53
5439, 0.41
5440, 0.44
5441, 0.73
5442, 0.51
5443, 0.48
5444, 0.51
5445, 0.45
5446, 0.78
5447, 0.44
5448, 0.53
5449, 0.39
5450, 0.47
5451, 0.57
5452, 0.46
5453, 0.73
5454, 0.56
5455, 0.76
5456, 0.54
5457, 0.78
5458, 0.47
5459, 0.80
5460, 0.50
5461, 0.55
5462, 0.39
5463, 0.50
5464, 0.59
5465, 0.46
5466, 0.46
5467, 0.38
5468, 0.48
5469, 0.43
5470, 0.39
5471, 0.48
5472, 0.61
5473, 0.48
5474, 0.45
5475, 0.40
5476, 0.56
5477, 0.54
5478, 0.49
5479, 0.85
5480, 0.45
5481, 0.47
5482, 0.36
5483, 0.50
5484, 0.48
5485, 0.32
5486, 0.51
5487, 0.76
5488, 0.35
5489, 0.55
5490, 0.83
5491, 0.57
5492, 0.61
5493, 0.49
5494, 0.41
5495, 0.48
5496, 0.77
5497, 0.56
5498, 0.58
5499, 0.48
5500, 0.82
5501, 0.50
5502, 0.51
5503, 0.41
5504, 0.49
5505, 0.53
5506, 0.53
5507, 0.53
5508, 0.50
5509, 0.56
5510, 0.47
5511, 0.48
5512, 0.58
5513, 0.53
5514, 0.78
5515, 0.47
5516, 0.54
5517, 0.35
5518, 0.44
5519, 0.49
5520, 0.74
5521, 0.44
5522, 0.44
5523, 0.47
5524, 0.80
5525, 0.50
5526, 0.35
5527, 0.44
5528, 0.37
5529, 0.50
5530, 0.39
5531, 0.33
5532, 0.49
5533, 0.53
5534, 0.46
5535, 0.52
5536, 0.40
5537, 0.55
5538, 0.80
5539, 0.38
5540, 0.37
5541, 0.33
5542, 0.64
5543, 0.56
5544, 0.79
5545, 0.35
5546, 0.52
5547, 0.38
5548, 0.42
5549, 0.36
5550, 0.38
5551, 0.54
5552, 0.39
5553, 0.33
5554, 0.69
5555, 0.53
5556, 0.47
5557, 0.43
5558, 0.49
5559, 0.55
5560, 0.53
5561, 0.31
5562, 0.60
5563, 0.50
5564, 0.49
5565, 0.39
5566, 0.34
5567, 0.38
5568, 0.55
5569, 0.52
5570, 0.36
5571, 0.34
5572, 0.76
5573, 0.79
5574, 0.48
5575, 0.60
5576, 0.56
5577, 0.34
5578, 0.57
5579, 0.32
5580, 0.52
5581, 0.47
5582, 0.41
5583, 0.54
5584, 0.44
5585, 0.56
5586, 0.55
5587, 0.35
5588, 0.49
5589, 0.58
5590, 0.46
5591, 0.54
5592, 0.45
5593, 0.48
5594, 0.70
5595, 0.53
5596, 0.40
5597, 0.35
5598, 0.50
5599, 0.81
5600, 0.57
5601, 0.57
5602, 0.53
5603, 0.53
5604, 0.39
5605, 0.60
5606, 0.33
5607, 0.57
5608, 0.44
5609, 0.46
5610, 0.44
5611, 0.53
5612, 0.54
5613, 0.36
5614, 0.55
5615, 0.34
5616, 0.37
5617, 0.51
5618, 0.43
5619, 0.47
5620, 0.46
5621, 0.83
5622, 0.36
5623, 0.36
5624, 0.57
5625, 0.52
5626, 0.35
5627, 0.54
5628, 0.45
5629, 0.44
5630, 0.55
5631, 0.50
5632, 0.49
5633, 0.77
5634, 0.44
5635, 0.76
5636, 0.32
5637, 0.44
5638, 0.49
5639, 0.52
5640, 0.55
5641, 0.43
5642, 0.56
5643, 0.52
5644, 0.77
5645, 0.50
5646, 0.38
5647, 0.32
5648, 0.41
5649, 0.49
5650, 0.44
5651, 0.46
5652, 0.52
5653, 0.38
5654, 0.48
5655, 0.44
5656, 0.40
5657, 0.47
5658, 0.81
5659, 0.54
5660, 0.77
5661, 0.50
5662, 0.76
5663, 0.49
5664, 0.54
5665, 0.44
5666, 0.51
5667, 0.57
5668, 0.49
5669, 0.35
5670, 0.53
5671, 0.50
5672, 0.55
5673, 0.35
5674, 0.45
5675, 0.80
5676, 0.57
5677, 0.50
5678, 0.58
5679, 0.47
5680, 0.36
5681, 0.51
5682, 0.48
5683, 0.55
5684, 0.78
5685, 0.39
5686, 0.49
5687, 0.73
5688, 0.76
5689, 0.48
5690, 0.41
5691, 0.53
5692, 0.50
5693, 0.57
5694, 0.42
5695, 0.38
5696, 0.45
5697, 0.48
5698, 0.52
5699, 0.49
5700, 0.45
5701, 0.80
5702, 0.44
5703, 0.77
5704, 0.81
5705, 0.76
5706, 0.54
5707, 0.37
5708, 0.34
5709, 0.63
5710, 0.77
5711, 0.44
5712, 0.47
5713, 0.41
5714, 0.45
5715, 0.36
5716, 0.52
5717, 0.48
5718, 0.51
5719, 0.32
5720, 0.50
5721, 0.53
5722, 0.40
5723, 0.47
5724, 0.37
5725, 0.56
5726, 0.53
5727, 0.32
5728, 0.52
5729, 0.39
5730, 0.51
5731, 0.51
5732, 0.47
5733, 0.72
5734, 0.46
5735, 0.46
5736, 0.78
5737, 0.47
5738, 0.55
5739, 0.61
5740, 0.43
5741, 0.39
5742, 0.37
5743, 0.54
5744, 0.36
5745, 0.62
5746, 0.44
5747, 0.48
5748, 0.53
5749, 0.82
5750, 0.53
5751, 0.71
5752, 0.49
5753, 0.43
5754, 0.40
5755, 0.54
5756, 0.74
5757, 0.49
5758, 0.45
5759, 0.57
5760, 0.39
5761, 0.53
5762, 0.48
5763, 0.49
5764, 0.32
5765, 0.45
5766, 0.41
5767, 0.42
5768, 0.49
5769, 0.79
5770, 0.48
5771, 0.44
5772, 0.46
5773, 0.49
5774, 0.61
5775, 0.48
5776, 0.45
5777, 0.43
5778, 0.47
5779, 0.35
5780, 0.50
5781, 0.49
5782, 0.45
5783, 0.47
5784, 0.47
5785, 0.53
5786, 0.83
5787, 0.46
5788, 0.56
5789, 0.39
5790, 0.81
5791, 0.39
5792, 0.45
5793, 0.50
5794, 0.51
5795, 0.43
5796, 0.33
5797, 0.50
5798, 0.51
5799, 0.46
5800, 0.41
5801, 0.34
5802, 0.51
5803, 0.45
5804, 0.55
5805, 0.78
5806, 0.58
5807, 0.40
5808, 0.35
5809, 0.43
5810, 0.51
5811, 0.41
5812, 0.44
5813, 0.54
5814, 0.51
5815, 0.43
5816, 0.49
5817, 0.34
5818, 0.66
5819, 0.43
5820, 0.47
5821, 0.51
5822, 0.63
5823, 0.45
5824, 0.52
5825, 0.60
5826, 0.73
5827, 0.46
5828, 0.40
5829, 0.46
5830, 0.51
5831, 0.58
5832, 0.57
5833, 0.37
5834, 0.51
5835, 0.35
5836, 0.34
5837, 0.49
5838, 0.45
5839, 0.59
5840, 0.46
5841, 0.49
5842, 0.58
5843, 0.73
5844, 0.41
5845, 0.77
5846, 0.52
5847, 0.38
5848, 0.44
5849, 0.36
5850, 0.37
5851, 0.47
5852, 0.52
5853, 0.44
5854, 0.41
5855, 0.50
5856, 0.48
5857, 0.61
5858, 0.41
5859, 0.37
5860, 0.55
5861, 0.36
5862, 0.52
5863, 0.50
5864, 0.77
5865, 0.57
5866, 0.41
5867, 0.80
5868, 0.41
5869, 0.37
5870, 0.44
5871, 0.51
5872, 0.62
5873, 0.76
5874, 0.40
5875, 0.41
5876, 0.47
5877, 0.73
5878, 0.50
5879, 0.41
5880, 0.55
5881, 0.35
5882, 0.30
5883, 0.80
5884, 0.80
5885, 0.46
5886, 0.44
5887, 0.47
5888, 0.43
5889, 0.41
5890, 0.41
5891, 0.36
5892, 0.49
5893, 0.37
5894, 0.53
5895, 0.41
5896, 0.48
5897, 0.42
5898, 0.39
5899, 0.34
5900, 0.45
5901, 0.44
5902, 0.48
5903, 0.51
5904, 0.53
5905, 0.60
5906, 0.47
5907, 0.55
5908, 0.44
5909, 0.35
5910, 0.77
5911, 0.32
5912, 0.35
5913, 0.76
5914, 0.43
5915, 0.42
5916, 0.42
5917, 0.58
5918, 0.34
5919, 0.43
5920, 0.54
5921, 0.52
5922, 0.54
5923, 0.72
5924, 0.40
5925, 0.46
5926, 0.59
5927, 0.38
5928, 0.49
5929, 0.55
5930, 0.54
5931, 0.52
5932, 0.59
5933, 0.77
5934, 0.49
5935, 0.35
5936, 0.36
5937, 0.52
5938, 0.51
5939, 0.41
5940, 0.34
5941, 0.82
5942, 0.47
5943, 0.40
5944, 0.76
5945, 0.82
5946, 0.50
5947, 0.54
5948, 0.48
5949, 0.57
5950, 0.31
5951, 0.54
5952, 0.47
5953, 0.43
5954, 0.52
5955, 0.48
5956, 0.48
5957, 0.37
5958, 0.39
5959, 0.39
5960, 0.47
5961, 0.48
5962, 0.55
5963, 0.65
5964, 0.68
5965, 0.57
5966, 0.57
5967, 0.49
5968, 0.49
5969, 0.30
5970, 0.45
5971, 0.52
5972, 0.72
5973, 0.40
5974, 0.58
5975, 0.48
5976, 0.34
5977, 0.39
5978, 0.45
5979, 0.48
5980, 0.51
5981, 0.40
5982, 0.45
5983, 0.48
5984, 0.45
5985, 0.50
5986, 0.47
5987, 0.52
5988, 0.75
5989, 0.52
5990, 0.86
5991, 0.77
5992, 0.46
5993, 0.49
5994, 0.53
5995, 0.79
5996, 0.49
5997, 0.55
5998, 0.43
5999, 0.44
6000, 0.84
6001, 0.56
6002, 0.84
6003, 0.61
6004, 0.39
6005, 0.44
6006, 0.33
6007, 0.35
6008, 0.51
6009, 0.56
6010, 0.47
6011, 0.40
6012, 0.51
6013, 0.47
6014, 0.53
6015, 0.53
6016, 0.50
6017, 0.51
6018, 0.57
6019, 0.50
6020, 0.48
6021, 0.47
6022, 0.33
6023, 0.54
6024, 0.54
6025, 0.44
6026, 0.42
6027, 0.74
6028, 0.50
6029, 0.49
6030, 0.59
6031, 0.51
6032, 0.74
6033, 0.54
6034, 0.51
6035, 0.38
6036, 0.82
6037, 0.56
6038, 0.45
6039, 0.45
6040, 0.47
6041, 0.37
6042, 0.49
6043, 0.58
6044, 0.53
6045, 0.43
6046, 0.52
6047, 0.79
6048, 0.52
6049, 0.35
6050, 0.76
6051, 0.54
6052, 0.48
6053, 0.53
6054, 0.53
6055, 0.40
6056, 0.34
6057, 0.59
6058, 0.70
6059, 0.50
6060, 0.45
6061, 0.48
6062, 0.52
6063, 0.39
6064, 0.50
6065, 0.59
6066, 0.52
6067, 0.51
6068, 0.49
6069, 0.56
6070, 0.56
6071, 0.74
6072, 0.39
6073, 0.74
6074, 0.32
6075, 0.33
6076, 0.35
6077, 0.42
6078, 0.48
6079, 0.49
6080, 0.43
6081, 0.48
6082, 0.41
6083, 0.55
6084, 0.52
6085, 0.44
6086, 0.45
6087, 0.54
6088, 0.51
6089, 0.49
6090, 0.43
6091, 0.49
6092, 0.41
6093, 0.52
6094, 0.50
6095, 0.38
6096, 0.51
6097, 0.55
6098, 0.58
6099, 0.55
6100, 0.51
6101, 0.50
6102, 0.41
6103, 0.77
6104, 0.33
6105, 0.35
6106, 0.43
6107, 0.54
6108, 0.34
6109, 0.46
6110, 0.44
6111, 0.50
6112, 0.32
6113, 0.55
6114, 0.46
6115, 0.34
6116, 0.54
6117, 0.52
6118, 0.49
6119, 0.42
6120, 0.35
6121, 0.60
6122, 0.35
6123, 0.33
6124, 0.45
6125, 0.54
6126, 0.51
6127, 0.47
6128, 0.43
6129, 0.47
6130, 0.41
6131, 0.84
6132, 0.48
6133, 0.54
6134, 0.40
6135, 0.48
6136, 0.56
6137, 0.51
6138, 0.48
6139, 0.74
6140, 0.52
6141, 0.71
6142, 0.69
6143, 0.47
6144, 0.47
6145, 0.56
6146, 0.50
6147, 0.44
6148, 0.45
6149, 0.35
6150, 0.40
6151, 0.36
6152, 0.43
6153, 0.51
6154, 0.82
6155, 0.40
6156, 0.38
6157, 0.43
6158, 0.37
6159, 0.40
6160, 0.39
6161, 0.30
6162, 0.53
6163, 0.50
6164, 0.54
6165, 0.55
6166, 0.49
6167, 0.50
6168, 0.47
6169, 0.48
6170, 0.40
6171, 0.83
6172, 0.49
6173, 0.50
6174, 0.34
6175, 0.49
6176, 0.39
6177, 0.50
6178, 0.40
6179, 0.49
6180, 0.52
6181, 0.32
6182, 0.76
6183, 0.52
6184, 0.51
6185, 0.46
6186, 0.54
6187, 0.54
6188, 0.52
6189, 0.80
6190, 0.47
6191, 0.54
6192, 0.54
6193, 0.75
6194, 0.40
6195, 0.51
6196, 0.56
6197, 0.80
6198, 0.44
6199, 0.57
6200, 0.36
6201, 0.41
6202, 0.40
6203, 0.43
6204, 0.82
6205, 0.50
6206, 0.76
6207, 0.49
6208, 0.49
6209, 0.42
6210, 0.41
6211, 0.48
6212, 0.54
6213, 0.36
6214, 0.48
6215, 0.47
6216, 0.48
6217, 0.51
6218, 0.33
6219, 0.74
6220, 0.38
6221, 0.44
6222, 0.44
6223, 0.80
6224, 0.32
6225, 0.53
6226, 0.53
6227, 0.52
6228, 0.59
6229, 0.76
6230, 0.81
6231, 0.51
6232, 0.36
6233, 0.39
6234, 0.74
6235, 0.50
6236, 0.50
6237, 0.43
6238, 0.50
6239, 0.53
6240, 0.42
6241, 0.57
6242, 0.54
6243, 0.42
6244, 0.49
6245, 0.45
6246, 0.42
6247, 0.47
6248, 0.58
6249, 0.45
6250, 0.74
6251, 0.44
6252, 0.44
6253, 0.50
6254, 0.38
6255, 0.46
6256, 0.48
6257, 0.53
6258, 0.56
6259, 0.42
6260, 0.48
6261, 0.52
6262, 0.57
6263, 0.50
6264, 0.36
6265, 0.41
6266, 0.84
6267, 0.59
6268, 0.65
6269, 0.51
6270, 0.51
6271, 0.49
6272, 0.34
6273, 0.40
6274, 0.34
6275, 0.47
6276, 0.46
6277, 0.55
6278, 0.47
6279, 0.50
6280, 0.80
6281, 0.36
6282, 0.35
6283, 0.34
6284, 0.54
6285, 0.57
6286, 0.54
6287, 0.48
6288, 0.58
6289, 0.34
6290, 0.77
6291, 0.46
6292, 0.51
6293, 0.47
6294, 0.43
6295, 0.58
6296, 0.77
6297, 0.46
6298, 0.55
6299, 0.79
6300, 0.50
6301, 0.47
6302, 0.36
6303, 0.42
6304, 0.78
6305, 0.46
6306, 0.39
6307, 0.60
6308, 0.44
6309, 0.37
6310, 0.60
6311, 0.44
6312, 0.37
6313, 0.53
6314, 0.38
6315, 0.53
6316, 0.61
6317, 0.46
6318, 0.50
6319, 0.46
6320, 0.65
6321, 0.56
6322, 0.52
6323, 0.36
6324, 0.82
6325, 0.45
6326, 0.37
6327, 0.50
6328, 0.32
6329, 0.43
6330, 0.54
6331, 0.44
6332, 0.35
6333, 0.49
6334, 0.43
6335, 0.53
6336, 0.48
6337, 0.40
6338, 0.53
6339, 0.41
6340, 0.32
6341, 0.56
6342, 0.35
6343, 0.37
6344, 0.81
6345, 0.37
6346, 0.74
6347, 0.42
6348, 0.84
6349, 0.55
6350, 0.34
6351, 0.54
6352, 0.79
6353, 0.47
6354, 0.43
6355, 0.55
6356, 0.44
6357, 0.79
6358, 0.38
6359, 0.52
6360, 0.80
6361, 0.44
6362, 0.58
6363, 0.74
6364, 0.38
6365, 0.39
6366, 0.32
6367, 0.54
6368, 0.44
6369, 0.75
6370, 0.52
6371, 0.60
6372, 0.35
6373, 0.46
6374, 0.48
6375, 0.35
6376, 0.74
6377, 0.48
6378, 0.73
6379, 0.54
6380, 0.35
6381, 0.42
6382, 0.46
6383, 0.50
6384, 0.42
6385, 0.55
6386, 0.52
6387, 0.37
6388, 0.47
6389, 0.55
6390, 0.55
6391, 0.54
6392, 0.37
6393, 0.56
6394, 0.40
6395, 0.39
6396, 0.76
6397, 0.29
6398, 0.47
6399, 0.34
6400, 0.47
6401, 0.46
6402, 0.37
6403, 0.50
6404, 0.76
6405, 0.42
6406, 0.46
6407, 0.60
6408, 0.59
6409, 0.49
6410, 0.33
6411, 0.41
6412, 0.51
6413, 0.34
6414, 0.50
6415, 0.54
6416, 0.53
6417, 0.38
6418, 0.43
6419, 0.49
6420, 0.53
6421, 0.54
6422, 0.35
6423, 0.43
6424, 0.47
6425, 0.57
6426, 0.70
6427, 0.41
6428, 0.42
6429, 0.50
6430, 0.75
6431, 0.48
6432, 0.47
6433, 0.34
6434, 0.35
6435, 0.30
6436, 0.40
6437, 0.59
6438, 0.41
6439, 0.48
6440, 0.44
6441, 0.47
6442, 0.49
6443, 0.48
6444, 0.36
6445, 0.30
6446, 0.46
6447, 0.53
6448, 0.77
6449, 0.50
6450, 0.43
6451, 0.48
6452, 0.54
6453, 0.57
6454, 0.50
6455, 0.44
6456, 0.61
6457, 0.47
6458, 0.46
6459, 0.44
6460, 0.37
6461, 0.37
6462, 0.39
6463, 0.41
6464, 0.53
6465, 0.44
6466, 0.45
6467, 0.60
6468, 0.72
6469, 0.46
6470, 0.47
6471, 0.56
6472, 0.47
6473, 0.47
6474, 0.56
6475, 0.48
6476, 0.78
6477, 0.51
6478, 0.36
6479, 0.46
6480, 0.43
6481, 0.50
6482, 0.46
6483, 0.43
6484, 0.49
6485, 0.46
6486, 0.36
6487, 0.45
6488, 0.78
6489, 0.31
6490, 0.46
6491, 0.45
6492, 0.29
6493, 0.57
6494, 0.45
6495, 0.47
6496, 0.48
6497, 0.50
6498, 0.40
6499, 0.60
6500, 0.55
6501, 0.43
6502, 0.47
6503, 0.51
6504, 0.36
6505, 0.52
6506, 0.51
6507, 0.48
6508, 0.54
6509, 0.47
6510, 0.55
6511, 0.71
6512, 0.76
6513, 0.41
6514, 0.49
6515, 0.45
6516, 0.43
6517, 0.52
6518, 0.36
6519, 0.36
6520, 0.47
6521, 0.56
6522, 0.52
6523, 0.40
6524, 0.35
6525, 0.46
6526, 0.51
6527, 0.47
6528, 0.83
6529, 0.47
6530, 0.79
6531, 0.48
6532, 0.36
6533, 0.49
6534, 0.53
6535, 0.35
6536, 0.75
6537, 0.51
6538, 0.48
6539, 0.43
6540, 0.55
6541, 0.45
6542, 0.38
6543, 0.73
6544, 0.57
6545, 0.36
6546, 0.47
6547, 0.36
6548, 0.50
6549, 0.75
6550, 0.46
6551, 0.58
6552, 0.32
6553, 0.52
6554, 0.35
6555, 0.46
6556, 0.45
6557, 0.45
6558, 0.45
6559, 0.44
6560, 0.43
6561, 0.47
6562, 0.52
6563, 0.56
6564, 0.39
6565, 0.49
6566, 0.32
6567, 0.74
6568, 0.56
6569, 0.31
6570, 0.54
6571, 0.59
6572, 0.53
6573, 0.55
6574, 0.83
6575, 0.52
6576, 0.42
6577, 0.45
6578, 0.46
6579, 0.42
6580, 0.49
6581, 0.36
6582, 0.38
6583, 0.54
6584, 0.55
6585, 0.47
6586, 0.45
6587, 0.36
6588, 0.42
6589, 0.37
6590, 0.42
6591, 0.39
6592, 0.81
6593, 0.47
6594, 0.46
6595, 0.60
6596, 0.48
6597, 0.49
6598, 0.48
6599, 0.47
6600, 0.53
6601, 0.51
6602, 0.45
6603, 0.42
6604, 0.49
6605, 0.42
6606, 0.45
6607, 0.48
6608, 0.49
6609, 0.52
6610, 0.31
6611, 0.36
6612, 0.38
6613, 0.49
6614, 0.52
6615, 0.53
6616, 0.30
6617, 0.74
6618, 0.35
6619, 0.61
6620, 0.43
6621, 0.45
6622, 0.52
6623, 0.38
6624, 0.46
6625, 0.53
6626, 0.50
6627, 0.42
6628, 0.50
6629, 0.48
6630, 0.73
6631, 0.51
6632, 0.51
6633, 0.45
6634, 0.40
6635, 0.74
6636, 0.45
6637, 0.73
6638, 0.43
6639, 0.79
6640, 0.49
6641, 0.69
6642, 0.38
6643, 0.29
6644, 0.37
6645, 0.55
6646, 0.36
6647, 0.48
6648, 0.35
6649, 0.46
6650, 0.49
6651, 0.55
6652, 0.48
6653, 0.54
6654, 0.46
6655, 0.47
6656, 0.45
6657, 0.56
6658, 0.50
6659, 0.47
6660, 0.72
6661, 0.54
6662, 0.46
6663, 0.51
6664, 0.54
6665, 0.51
6666, 0.48
6667, 0.57
6668, 0.46
6669, 0.53
6670, 0.52
6671, 0.78
6672, 0.49
6673, 0.44
6674, 0.46
6675, 0.41
6676, 0.55
6677, 0.51
6678, 0.54
6679, 0.53
6680, 0.36
6681, 0.53
6682, 0.38
6683, 0.42
6684, 0.58
6685, 0.50
6686, 0.49
6687, 0.47
6688, 0.51
6689, 0.82
6690, 0.54
6691, 0.56
6692, 0.66
6693, 0.50
6694, 0.46
6695, 0.41
6696, 0.80
6697, 0.38
6698, 0.47
6699, 0.43
6700, 0.44
6701, 0.44
6702, 0.39
6703, 0.45
6704, 0.55
6705, 0.39
6706, 0.51
6707, 0.45
6708, 0.51
6709, 0.53
6710, 0.31
6711, 0.56
6712, 0.52
6713, 0.51
6714, 0.33
6715, 0.39
6716, 0.49
6717, 0.38
6718, 0.39
6719, 0.44
6720, 0.43
6721, 0.51
6722, 0.47
6723, 0.81
6724, 0.45
6725, 0.39
6726, 0.52
6727, 0.34
6728, 0.41
6729, 0.79
6730, 0.53
6731, 0.54
6732, 0.76
6733, 0.56
6734, 0.56
6735, 0.50
6736, 0.53
6737, 0.51
6738, 0.47
6739, 0.46
6740, 0.52
6741, 0.50
6742, 0.45
6743, 0.43
6744, 0.80
6745, 0.71
6746, 0.40
6747, 0.42
6748, 0.56
6749, 0.70
6750, 0.47
6751, 0.30
6752, 0.35
6753, 0.33
6754, 0.40
6755, 0.40
6756, 0.43
6757, 0.55
6758, 0.52
6759, 0.36
6760, 0.55
6761, 0.40
6762, 0.31
6763, 0.44
6764, 0.40
6765, 0.49
6766, 0.52
6767, 0.52
6768, 0.49
6769, 0.42
6770, 0.72
6771, 0.55
6772, 0.47
6773, 0.41
6774, 0.46
6775, 0.59
6776, 0.49
6777, 0.46
6778, 0.45
6779, 0.48
6780, 0.47
6781, 0.76
6782, 0.45
6783, 0.52
6784, 0.65
6785, 0.36
6786, 0.41
6787, 0.57
6788, 0.48
6789, 0.71
6790, 0.37
6791, 0.37
6792, 0.81
6793, 0.37
6794, 0.41
6795, 0.46
6796, 0.67
6797, 0.54
6798, 0.75
6799, 0.29
6800, 0.80
6801, 0.74
6802, 0.49
6803, 0.57
6804, 0.30
6805, 0.77
6806, 0.54
6807, 0.52
6808, 0.33
6809, 0.37
6810, 0.37
6811, 0.54
6812, 0.47
6813, 0.45
6814, 0.44
6815, 0.52
6816, 0.58
6817, 0.54
6818, 0.44
6819, 0.41
6820, 0.39
6821, 0.65
6822, 0.46
6823, 0.51
6824, 0.39
6825, 0.61
6826, 0.51
6827, 0.36
6828, 0.42
6829, 0.48
6830, 0.41
6831, 0.83
6832, 0.43
6833, 0.80
6834, 0.58
6835, 0.38
6836, 0.49
6837, 0.30
6838, 0.55
6839, 0.35
6840, 0.38
6841, 0.52
6842, 0.52
6843, 0.48
6844, 0.40
6845, 0.39
6846, 0.51
6847, 0.83
6848, 0.40
6849, 0.58
6850, 0.53
6851, 0.32
6852, 0.48
6853, 0.49
6854, 0.47
6855, 0.41
6856, 0.44
6857, 0.43
6858, 0.52
6859, 0.47
6860, 0.52
6861, 0.78
6862, 0.80
6863, 0.43
6864, 0.53
6865, 0.35
6866, 0.47
6867, 0.59
6868, 0.55
6869, 0.48
6870, 0.48
6871, 0.41
6872, 0.47
6873, 0.75
6874, 0.49
6875, 0.49
6876, 0.42
6877, 0.40
6878, 0.40
6879, 0.44
6880, 0.47
6881, 0.56
6882, 0.37
6883, 0.55
6884, 0.57
6885, 0.45
6886, 0.38
6887, 0.51
6888, 0.46
6889, 0.39
6890, 0.79
6891, 0.49
6892, 0.77
6893, 0.46
6894, 0.74
6895, 0.74
6896, 0.41
6897, 0.77
6898, 0.46
6899, 0.49
6900, 0.77
6901, 0.48
6902, 0.47
6903, 0.50
6904, 0.45
6905, 0.39
6906, 0.38
6907, 0.39
6908, 0.35
6909, 0.39
6910, 0.51
6911, 0.75
6912, 0.48
6913, 0.50
6914, 0.47
6915, 0.40
6916, 0.38
6917, 0.58
6918, 0.45
6919, 0.60
6920, 0.44
6921, 0.56
6922, 0.51
6923, 0.36
6924, 0.56
6925, 0.33
6926, 0.52
6927, 0.48
6928, 0.51
6929, 0.42
6930, 0.37
6931, 0.64
6932, 0.70
6933, 0.51
6934, 0.44
6935, 0.52
6936, 0.76
6937, 0.53
6938, 0.43
6939, 0.33
6940, 0.80
6941, 0.56
6942, 0.47
6943, 0.44
6944, 0.48
6945, 0.47
6946, 0.46
6947, 0.41
6948, 0.43
6949, 0.82
6950, 0.50
6951, 0.63
6952, 0.49
6953, 0.49
6954, 0.54
6955, 0.50
6956, 0.41
6957, 0.34
6958, 0.36
6959, 0.58
6960, 0.45
6961, 0.79
6962, 0.53
6963, 0.58
6964, 0.51
6965, 0.83
6966, 0.32
6967, 0.35
6968, 0.52
6969, 0.55
6970, 0.47
6971, 0.37
6972, 0.41
6973, 0.45
6974, 0.56
6975, 0.60
6976, 0.38
6977, 0.42
6978, 0.51
6979, 0.34
6980, 0.58
6981, 0.28
6982, 0.44
6983, 0.61
6984, 0.47
6985, 0.34
6986, 0.40
6987, 0.55
6988, 0.48
6989, 0.56
6990, 0.41
6991, 0.50
6992, 0.36
6993, 0.41
6994, 0.54
6995, 0.73
6996, 0.51
6997, 0.79
6998, 0.50
6999, 0.55
7000, 0.50
7001, 0.53
7002, 0.51
7003, 0.41
7004, 0.81
7005, 0.58
7006, 0.50
7007, 0.47
7008, 0.51
7009, 0.54
7010, 0.49
7011, 0.46
7012, 0.47
7013, 0.77
7014, 0.45
7015, 0.54
7016, 0.52
7017, 0.45
7018, 0.32
7019, 0.54
7020, 0.49
7021, 0.50
7022, 0.31
7023, 0.48
7024, 0.59
7025, 0.41
7026, 0.58
7027, 0.34
7028, 0.46
7029, 0.48
7030, 0.46
7031, 0.45
7032, 0.59
7033, 0.37
7034, 0.75
7035, 0.80
7036, 0.47
7037, 0.37
7038, 0.45
7039, 0.49
7040, 0.47
7041, 0.39
7042, 0.47
7043, 0.42
7044, 0.43
7045, 0.54
7046, 0.57
7047, 0.41
7048, 0.52
7049, 0.57
7050, 0.54
7051, 0.52
7052, 0.44
7053, 0.48
7054, 0.44
7055, 0.53
7056, 0.44
7057, 0.48
7058, 0.56
7059, 0.44
7060, 0.45
7061, 0.51
7062, 0.54
7063, 0.49
7064, 0.36
7065, 0.84
7066, 0.56
7067, 0.50
7068, 0.43
7069, 0.49
7070, 0.53
7071, 0.49
7072, 0.77
7073, 0.36
7074, 0.38
7075, 0.32
7076, 0.56
7077, 0.33
7078, 0.36
7079, 0.72
7080, 0.81
7081, 0.49
7082, 0.34
7083, 0.36
7084, 0.42
7085, 0.48
7086, 0.42
7087, 0.83
7088, 0.49
7089, 0.41
7090, 0.37
7091, 0.49
7092, 0.51
7093, 0.50
7094, 0.32
7095, 0.56
7096, 0.55
7097, 0.40
7098, 0.55
7099, 0.35
7100, 0.53
7101, 0.37
7102, 0.53
7103, 0.46
7104, 0.36
7105, 0.52
7106, 0.78
7107, 0.44
7108, 0.57
7109, 0.50
7110, 0.39
7111, 0.54
7112, 0.35
7113, 0.41
7114, 0.51
7115, 0.35
7116, 0.52
7117, 0.39
7118, 0.45
7119, 0.55
7120, 0.46
7121, 0.38
7122, 0.46
7123, 0.76
7124, 0.38
7125, 0.36
7126, 0.44
7127, 0.45
7128, 0.45
7129, 0.50
7130, 0.74
7131, 0.50
7132, 0.32
7133, 0.32
7134, 0.47
7135, 0.55
7136, 0.54
7137, 0.36
7138, 0.51
7139, 0.51
7140, 0.36
7141, 0.51
7142, 0.42
7143, 0.34
7144, 0.35
7145, 0.74
7146, 0.40
7147, 0.37
7148, 0.45
7149, 0.63
7150, 0.51
7151, 0.44
7152, 0.45
7153, 0.35
7154, 0.46
7155, 0.69
7156, 0.52
7157, 0.46
7158, 0.55
7159, 0.48
7160, 0.48
7161, 0.31
7162, 0.35
7163, 0.49
7164, 0.52
7165, 0.50
7166, 0.79
7167, 0.46
7168, 0.43
7169, 0.38
7170, 0.59
7171, 0.38
7172, 0.51
7173, 0.39
7174, 0.47
7175, 0.43
7176, 0.51
7177, 0.53
7178, 0.40
7179, 0.84
7180, 0.71
7181, 0.67
7182, 0.32
7183, 0.83
7184, 0.76
7185, 0.50
7186, 0.37
7187, 0.42
7188, 0.43
7189, 0.40
7190, 0.54
7191, 0.43
7192, 0.79
7193, 0.48
7194, 0.54
7195, 0.57
7196, 0.50
7197, 0.40
7198, 0.48
7199, 0.42
7200, 0.63
7201, 0.51
7202, 0.56
7203, 0.52
7204, 0.33
7205, 0.54
7206, 0.42
7207, 0.46
7208, 0.44
7209, 0.54
7210, 0.50
7211, 0.50
7212, 0.36
7213, 0.52
7214, 0.49
7215, 0.41
7216, 0.81
7217, 0.77
7218, 0.41
7219, 0.48
7220, 0.54
7221, 0.60
7222, 0.70
7223, 0.46
7224, 0.51
7225, 0.74
7226, 0.42
7227, 0.38
7228, 0.45
7229, 0.40
7230, 0.38
7231, 0.41
7232, 0.38
7233, 0.56
7234, 0.47
7235, 0.29
7236, 0.48
7237, 0.53
7238, 0.50
7239, 0.36
7240, 0.46
7241, 0.48
7242, 0.47
7243, 0.37
7244, 0.52
7245, 0.33
7246, 0.47
7247, 0.38
7248, 0.34
7249, 0.54
7250, 0.48
7251, 0.54
7252, 0.53
7253, 0.47
7254, 0.42
7255, 0.84
7256, 0.49
7257, 0.56
7258, 0.79
7259, 0.56
7260, 0.41
7261, 0.36
7262, 0.58
7263, 0.60
7264, 0.45
7265, 0.49
7266, 0.44
7267, 0.75
7268, 0.43
7269, 0.73
7270, 0.38
7271, 0.48
7272, 0.45
7273, 0.37
7274, 0.77
7275, 0.61
7276, 0.56
7277, 0.40
7278, 0.53
7279, 0.49
7280, 0.47
7281, 0.38
7282, 0.48
7283, 0.41
7284, 0.52
7285, 0.57
7286, 0.56
7287, 0.60
7288, 0.52
7289, 0.51
7290, 0.51
7291, 0.44
7292, 0.49
7293, 0.47
7294, 0.36
7295, 0.40
7296, 0.73
7297, 0.51
7298, 0.72
7299, 0.37
7300, 0.49
7301, 0.45
7302, 0.50
7303, 0.47
7304, 0.31
7305, 0.64
7306, 0.49
7307, 0.49
7308, 0.51
7309, 0.37
7310, 0.60
7311, 0.48
7312, 0.36
7313, 0.53
7314, 0.36
7315, 0.49
7316, 0.49
7317, 0.49
7318, 0.52
7319, 0.46
7320, 0.44
7321, 0.49
7322, 0.73
7323, 0.34
7324, 0.76
7325, 0.47
7326, 0.50
7327, 0.54
7328, 0.42
7329, 0.55
7330, 0.50
7331, 0.49
7332, 0.44
7333, 0.54
7334, 0.49
7335, 0.53
7336, 0.46
7337, 0.53
7338, 0.52
7339, 0.49
7340, 0.38
7341, 0.50
7342, 0.78
7343, 0.48
7344, 0.42
7345, 0.40
7346, 0.50
7347, 0.75
7348, 0.38
7349, 0.83
7350, 0.36
7351, 0.57
7352, 0.52
7353, 0.40
7354, 0.76
7355, 0.80
7356, 0.47
7357, 0.42
7358, 0.30
7359, 0.58
7360, 0.45
7361, 0.58
7362, 0.74
7363, 0.47
7364, 0.43
7365, 0.34
7366, 0.46
7367, 0.68
7368, 0.57
7369, 0.56
7370, 0.56
7371, 0.45
7372, 0.38
7373, 0.78
7374, 0.49
7375, 0.51
7376, 0.83
7377, 0.39
7378, 0.42
7379, 0.49
7380, 0.51
7381, 0.52
7382, 0.37
7383, 0.48
7384, 0.57
7385, 0.41
7386, 0.53
7387, 0.51
7388, 0.48
7389, 0.72
7390, 0.49
7391, 0.46
7392, 0.43
7393, 0.51
7394, 0.77
7395, 0.57
7396, 0.43
7397, 0.52
7398, 0.39
7399, 0.41
7400, 0.51
7401, 0.79
7402, 0.46
7403, 0.33
7404, 0.47
7405, 0.37
7406, 0.45
7407, 0.51
7408, 0.49
7409, 0.35
7410, 0.39
7411, 0.40
7412, 0.40
7413, 0.30
7414, 0.79
7415, 0.46
7416, 0.32
7417, 0.73
7418, 0.44
7419, 0.49
7420, 0.72
7421, 0.48
